Image analysis histogram listing

File : C:\Users\Denis\OneDrive - Universitť Laval\Projets en cours\VROOMM\Design optique\VROOMM_v04_SW.ZMX
Title: 
Date : 26/02/2026


Field Width                    : 0.231 Millimeters
Image Width                    : 0.24 Millimeters
Number of pixels               : 80 x 80
Total Weight of Rays Attempted :   2.000160E+05
Total Weight of Rays Passed    :   2.000160E+05
Total Rays Launched            : 200016
Percent Efficiency             :  100.00 %
Total flux in watts            : 1.000E+00
Units                          : Watts/Millimeters squared

  0.0000E+00	  0.0000E+00	  0.0000E+00	  0.0000E+00	  0.0000E+00	  0.0000E+00	  0.0000E+00	  0.0000E+00	  0.0000E+00	  0.0000E+00	  0.0000E+00	  0.0000E+00	  0.0000E+00	  0.0000E+00	  0.0000E+00	  0.0000E+00	  0.0000E+00	  0.0000E+00	  0.0000E+00	  0.0000E+00	  0.0000E+00	  0.0000E+00	  0.0000E+00	  0.0000E+00	  0.0000E+00	  0.0000E+00	  0.0000E+00	  0.0000E+00	  0.0000E+00	  0.0000E+00	  0.0000E+00	  0.0000E+00	  0.0000E+00	  0.0000E+00	  0.0000E+00	  0.0000E+00	  0.0000E+00	  0.0000E+00	  0.0000E+00	  0.0000E+00	  0.0000E+00	  0.0000E+00	  0.0000E+00	  0.0000E+00	  0.0000E+00	  0.0000E+00	  0.0000E+00	  0.0000E+00	  0.0000E+00	  0.0000E+00	  0.0000E+00	  0.0000E+00	  0.0000E+00	  0.0000E+00	  0.0000E+00	  0.0000E+00	  0.0000E+00	  0.0000E+00	  0.0000E+00	  0.0000E+00	  0.0000E+00	  0.0000E+00	  0.0000E+00	  0.0000E+00	  0.0000E+00	  0.0000E+00	  0.0000E+00	  0.0000E+00	  0.0000E+00	  0.0000E+00	  0.0000E+00	  0.0000E+00	  0.0000E+00	  0.0000E+00	  0.0000E+00	  0.0000E+00	  0.0000E+00	  0.0000E+00	  0.0000E+00	  0.0000E+00
  0.0000E+00	  0.0000E+00	  0.0000E+00	  0.0000E+00	  0.0000E+00	  0.0000E+00	  0.0000E+00	  0.0000E+00	  0.0000E+00	  0.0000E+00	  0.0000E+00	  0.0000E+00	  0.0000E+00	  0.0000E+00	  0.0000E+00	  0.0000E+00	  0.0000E+00	  0.0000E+00	  0.0000E+00	  0.0000E+00	  0.0000E+00	  0.0000E+00	  0.0000E+00	  0.0000E+00	  0.0000E+00	  0.0000E+00	  0.0000E+00	  0.0000E+00	  0.0000E+00	  0.0000E+00	  0.0000E+00	  0.0000E+00	  0.0000E+00	  0.0000E+00	  0.0000E+00	  0.0000E+00	  0.0000E+00	  0.0000E+00	  0.0000E+00	  0.0000E+00	  0.0000E+00	  0.0000E+00	  0.0000E+00	  0.0000E+00	  0.0000E+00	  0.0000E+00	  0.0000E+00	  0.0000E+00	  0.0000E+00	  0.0000E+00	  0.0000E+00	  0.0000E+00	  0.0000E+00	  0.0000E+00	  0.0000E+00	  0.0000E+00	  0.0000E+00	  0.0000E+00	  0.0000E+00	  0.0000E+00	  0.0000E+00	  0.0000E+00	  0.0000E+00	  0.0000E+00	  0.0000E+00	  0.0000E+00	  0.0000E+00	  0.0000E+00	  0.0000E+00	  0.0000E+00	  0.0000E+00	  0.0000E+00	  0.0000E+00	  0.0000E+00	  0.0000E+00	  0.0000E+00	  0.0000E+00	  0.0000E+00	  0.0000E+00	  0.0000E+00
  0.0000E+00	  0.0000E+00	  0.0000E+00	  0.0000E+00	  0.0000E+00	  0.0000E+00	  0.0000E+00	  0.0000E+00	  0.0000E+00	  0.0000E+00	  0.0000E+00	  0.0000E+00	  0.0000E+00	  0.0000E+00	  0.0000E+00	  0.0000E+00	  0.0000E+00	  0.0000E+00	  0.0000E+00	  0.0000E+00	  0.0000E+00	  0.0000E+00	  0.0000E+00	  0.0000E+00	  0.0000E+00	  0.0000E+00	  0.0000E+00	  0.0000E+00	  0.0000E+00	  0.0000E+00	  0.0000E+00	  0.0000E+00	  0.0000E+00	  0.0000E+00	  0.0000E+00	  0.0000E+00	  0.0000E+00	  0.0000E+00	  0.0000E+00	  0.0000E+00	  0.0000E+00	  0.0000E+00	  0.0000E+00	  0.0000E+00	  0.0000E+00	  0.0000E+00	  0.0000E+00	  0.0000E+00	  0.0000E+00	  0.0000E+00	  0.0000E+00	  0.0000E+00	  0.0000E+00	  0.0000E+00	  0.0000E+00	  0.0000E+00	  0.0000E+00	  0.0000E+00	  0.0000E+00	  0.0000E+00	  0.0000E+00	  0.0000E+00	  0.0000E+00	  0.0000E+00	  0.0000E+00	  0.0000E+00	  0.0000E+00	  0.0000E+00	  0.0000E+00	  0.0000E+00	  0.0000E+00	  0.0000E+00	  0.0000E+00	  0.0000E+00	  0.0000E+00	  0.0000E+00	  0.0000E+00	  0.0000E+00	  0.0000E+00	  0.0000E+00
  0.0000E+00	  0.0000E+00	  0.0000E+00	  0.0000E+00	  0.0000E+00	  0.0000E+00	  0.0000E+00	  0.0000E+00	  0.0000E+00	  0.0000E+00	  0.0000E+00	  0.0000E+00	  0.0000E+00	  0.0000E+00	  0.0000E+00	  0.0000E+00	  0.0000E+00	  0.0000E+00	  0.0000E+00	  0.0000E+00	  0.0000E+00	  0.0000E+00	  0.0000E+00	  0.0000E+00	  0.0000E+00	  0.0000E+00	  0.0000E+00	  0.0000E+00	  0.0000E+00	  0.0000E+00	  0.0000E+00	  0.0000E+00	  0.0000E+00	  0.0000E+00	  0.0000E+00	  0.0000E+00	  0.0000E+00	  0.0000E+00	  0.0000E+00	  0.0000E+00	  0.0000E+00	  0.0000E+00	  0.0000E+00	  0.0000E+00	  0.0000E+00	  0.0000E+00	  0.0000E+00	  0.0000E+00	  0.0000E+00	  0.0000E+00	  0.0000E+00	  0.0000E+00	  0.0000E+00	  0.0000E+00	  0.0000E+00	  0.0000E+00	  0.0000E+00	  0.0000E+00	  0.0000E+00	  0.0000E+00	  0.0000E+00	  0.0000E+00	  0.0000E+00	  0.0000E+00	  0.0000E+00	  0.0000E+00	  0.0000E+00	  0.0000E+00	  0.0000E+00	  0.0000E+00	  0.0000E+00	  0.0000E+00	  0.0000E+00	  0.0000E+00	  0.0000E+00	  0.0000E+00	  0.0000E+00	  0.0000E+00	  0.0000E+00	  0.0000E+00
  0.0000E+00	  0.0000E+00	  0.0000E+00	  0.0000E+00	  0.0000E+00	  0.0000E+00	  0.0000E+00	  0.0000E+00	  0.0000E+00	  0.0000E+00	  0.0000E+00	  0.0000E+00	  0.0000E+00	  0.0000E+00	  0.0000E+00	  0.0000E+00	  0.0000E+00	  0.0000E+00	  0.0000E+00	  0.0000E+00	  0.0000E+00	  0.0000E+00	  0.0000E+00	  0.0000E+00	  0.0000E+00	  0.0000E+00	  0.0000E+00	  0.0000E+00	  0.0000E+00	  0.0000E+00	  0.0000E+00	  0.0000E+00	  0.0000E+00	  0.0000E+00	  0.0000E+00	  0.0000E+00	  0.0000E+00	  0.0000E+00	  0.0000E+00	  0.0000E+00	  0.0000E+00	  0.0000E+00	  0.0000E+00	  0.0000E+00	  0.0000E+00	  0.0000E+00	  0.0000E+00	  0.0000E+00	  0.0000E+00	  0.0000E+00	  0.0000E+00	  0.0000E+00	  0.0000E+00	  0.0000E+00	  0.0000E+00	  0.0000E+00	  0.0000E+00	  0.0000E+00	  0.0000E+00	  0.0000E+00	  0.0000E+00	  0.0000E+00	  0.0000E+00	  0.0000E+00	  0.0000E+00	  0.0000E+00	  0.0000E+00	  0.0000E+00	  0.0000E+00	  0.0000E+00	  0.0000E+00	  0.0000E+00	  0.0000E+00	  0.0000E+00	  0.0000E+00	  0.0000E+00	  0.0000E+00	  0.0000E+00	  0.0000E+00	  0.0000E+00
  0.0000E+00	  0.0000E+00	  0.0000E+00	  0.0000E+00	  0.0000E+00	  0.0000E+00	  0.0000E+00	  0.0000E+00	  0.0000E+00	  0.0000E+00	  0.0000E+00	  0.0000E+00	  0.0000E+00	  0.0000E+00	  0.0000E+00	  0.0000E+00	  0.0000E+00	  0.0000E+00	  0.0000E+00	  0.0000E+00	  0.0000E+00	  0.0000E+00	  0.0000E+00	  0.0000E+00	  0.0000E+00	  0.0000E+00	  0.0000E+00	  0.0000E+00	  0.0000E+00	  0.0000E+00	  0.0000E+00	  0.0000E+00	  0.0000E+00	  0.0000E+00	  0.0000E+00	  0.0000E+00	  0.0000E+00	  0.0000E+00	  0.0000E+00	  0.0000E+00	  0.0000E+00	  0.0000E+00	  0.0000E+00	  0.0000E+00	  0.0000E+00	  0.0000E+00	  0.0000E+00	  0.0000E+00	  0.0000E+00	  0.0000E+00	  0.0000E+00	  0.0000E+00	  0.0000E+00	  0.0000E+00	  0.0000E+00	  0.0000E+00	  0.0000E+00	  0.0000E+00	  0.0000E+00	  0.0000E+00	  0.0000E+00	  0.0000E+00	  0.0000E+00	  0.0000E+00	  0.0000E+00	  0.0000E+00	  0.0000E+00	  0.0000E+00	  0.0000E+00	  0.0000E+00	  0.0000E+00	  0.0000E+00	  0.0000E+00	  0.0000E+00	  0.0000E+00	  0.0000E+00	  0.0000E+00	  0.0000E+00	  0.0000E+00	  0.0000E+00
  0.0000E+00	  0.0000E+00	  0.0000E+00	  0.0000E+00	  0.0000E+00	  0.0000E+00	  0.0000E+00	  0.0000E+00	  0.0000E+00	  0.0000E+00	  0.0000E+00	  0.0000E+00	  0.0000E+00	  0.0000E+00	  0.0000E+00	  0.0000E+00	  0.0000E+00	  0.0000E+00	  0.0000E+00	  0.0000E+00	  0.0000E+00	  0.0000E+00	  0.0000E+00	  0.0000E+00	  0.0000E+00	  0.0000E+00	  0.0000E+00	  0.0000E+00	  0.0000E+00	  0.0000E+00	  0.0000E+00	  0.0000E+00	  0.0000E+00	  0.0000E+00	  0.0000E+00	  0.0000E+00	  0.0000E+00	  0.0000E+00	  0.0000E+00	  0.0000E+00	  0.0000E+00	  0.0000E+00	  0.0000E+00	  0.0000E+00	  0.0000E+00	  0.0000E+00	  0.0000E+00	  0.0000E+00	  0.0000E+00	  0.0000E+00	  0.0000E+00	  0.0000E+00	  0.0000E+00	  0.0000E+00	  0.0000E+00	  0.0000E+00	  0.0000E+00	  0.0000E+00	  0.0000E+00	  0.0000E+00	  0.0000E+00	  0.0000E+00	  0.0000E+00	  0.0000E+00	  0.0000E+00	  0.0000E+00	  0.0000E+00	  0.0000E+00	  0.0000E+00	  0.0000E+00	  0.0000E+00	  0.0000E+00	  0.0000E+00	  0.0000E+00	  0.0000E+00	  0.0000E+00	  0.0000E+00	  0.0000E+00	  0.0000E+00	  0.0000E+00
  0.0000E+00	  0.0000E+00	  0.0000E+00	  0.0000E+00	  0.0000E+00	  0.0000E+00	  0.0000E+00	  0.0000E+00	  0.0000E+00	  0.0000E+00	  0.0000E+00	  0.0000E+00	  0.0000E+00	  0.0000E+00	  0.0000E+00	  0.0000E+00	  0.0000E+00	  0.0000E+00	  0.0000E+00	  0.0000E+00	  0.0000E+00	  0.0000E+00	  0.0000E+00	  0.0000E+00	  0.0000E+00	  0.0000E+00	  0.0000E+00	  0.0000E+00	  0.0000E+00	  0.0000E+00	  0.0000E+00	  0.0000E+00	  0.0000E+00	  0.0000E+00	  0.0000E+00	  0.0000E+00	  0.0000E+00	  0.0000E+00	  0.0000E+00	  0.0000E+00	  0.0000E+00	  0.0000E+00	  0.0000E+00	  0.0000E+00	  0.0000E+00	  0.0000E+00	  0.0000E+00	  0.0000E+00	  0.0000E+00	  0.0000E+00	  0.0000E+00	  0.0000E+00	  0.0000E+00	  0.0000E+00	  0.0000E+00	  0.0000E+00	  0.0000E+00	  0.0000E+00	  0.0000E+00	  0.0000E+00	  0.0000E+00	  0.0000E+00	  0.0000E+00	  0.0000E+00	  0.0000E+00	  0.0000E+00	  0.0000E+00	  0.0000E+00	  0.0000E+00	  0.0000E+00	  0.0000E+00	  0.0000E+00	  0.0000E+00	  0.0000E+00	  0.0000E+00	  0.0000E+00	  0.0000E+00	  0.0000E+00	  0.0000E+00	  0.0000E+00
  0.0000E+00	  0.0000E+00	  0.0000E+00	  0.0000E+00	  0.0000E+00	  0.0000E+00	  0.0000E+00	  0.0000E+00	  0.0000E+00	  0.0000E+00	  0.0000E+00	  0.0000E+00	  0.0000E+00	  0.0000E+00	  0.0000E+00	  0.0000E+00	  0.0000E+00	  0.0000E+00	  0.0000E+00	  0.0000E+00	  0.0000E+00	  0.0000E+00	  0.0000E+00	  0.0000E+00	  0.0000E+00	  0.0000E+00	  0.0000E+00	  0.0000E+00	  0.0000E+00	  0.0000E+00	  0.0000E+00	  0.0000E+00	  0.0000E+00	  0.0000E+00	  0.0000E+00	  0.0000E+00	  0.0000E+00	  0.0000E+00	  0.0000E+00	  0.0000E+00	  0.0000E+00	  0.0000E+00	  0.0000E+00	  0.0000E+00	  0.0000E+00	  0.0000E+00	  0.0000E+00	  0.0000E+00	  0.0000E+00	  0.0000E+00	  0.0000E+00	  0.0000E+00	  0.0000E+00	  0.0000E+00	  0.0000E+00	  0.0000E+00	  0.0000E+00	  0.0000E+00	  0.0000E+00	  0.0000E+00	  0.0000E+00	  0.0000E+00	  0.0000E+00	  0.0000E+00	  0.0000E+00	  0.0000E+00	  0.0000E+00	  0.0000E+00	  0.0000E+00	  0.0000E+00	  0.0000E+00	  0.0000E+00	  0.0000E+00	  0.0000E+00	  0.0000E+00	  0.0000E+00	  0.0000E+00	  0.0000E+00	  0.0000E+00	  0.0000E+00
  0.0000E+00	  0.0000E+00	  0.0000E+00	  0.0000E+00	  0.0000E+00	  0.0000E+00	  0.0000E+00	  0.0000E+00	  0.0000E+00	  0.0000E+00	  0.0000E+00	  0.0000E+00	  0.0000E+00	  0.0000E+00	  0.0000E+00	  0.0000E+00	  0.0000E+00	  0.0000E+00	  0.0000E+00	  0.0000E+00	  0.0000E+00	  0.0000E+00	  0.0000E+00	  0.0000E+00	  0.0000E+00	  0.0000E+00	  0.0000E+00	  0.0000E+00	  0.0000E+00	  0.0000E+00	  0.0000E+00	  0.0000E+00	  0.0000E+00	  0.0000E+00	  0.0000E+00	  0.0000E+00	  0.0000E+00	  0.0000E+00	  0.0000E+00	  0.0000E+00	  0.0000E+00	  0.0000E+00	  0.0000E+00	  0.0000E+00	  0.0000E+00	  0.0000E+00	  0.0000E+00	  0.0000E+00	  0.0000E+00	  0.0000E+00	  0.0000E+00	  0.0000E+00	  0.0000E+00	  0.0000E+00	  0.0000E+00	  0.0000E+00	  0.0000E+00	  0.0000E+00	  0.0000E+00	  0.0000E+00	  0.0000E+00	  0.0000E+00	  0.0000E+00	  0.0000E+00	  0.0000E+00	  0.0000E+00	  0.0000E+00	  0.0000E+00	  0.0000E+00	  0.0000E+00	  0.0000E+00	  0.0000E+00	  0.0000E+00	  0.0000E+00	  0.0000E+00	  0.0000E+00	  0.0000E+00	  0.0000E+00	  0.0000E+00	  0.0000E+00
  0.0000E+00	  0.0000E+00	  0.0000E+00	  0.0000E+00	  0.0000E+00	  0.0000E+00	  0.0000E+00	  0.0000E+00	  0.0000E+00	  0.0000E+00	  0.0000E+00	  0.0000E+00	  0.0000E+00	  0.0000E+00	  0.0000E+00	  0.0000E+00	  0.0000E+00	  0.0000E+00	  0.0000E+00	  0.0000E+00	  0.0000E+00	  0.0000E+00	  0.0000E+00	  0.0000E+00	  0.0000E+00	  1.5914E-01	  7.6539E-01	  6.9762E-01	  9.9943E-01	  8.7499E-01	  2.7546E-01	  9.0818E-01	  1.3607E+00	  8.0774E-01	  7.9060E-01	  6.1302E-01	  2.3822E-01	  7.1691E-01	  4.8047E-01	  1.7438E-01	  0.0000E+00	  0.0000E+00	  0.0000E+00	  0.0000E+00	  0.0000E+00	  0.0000E+00	  0.0000E+00	  0.0000E+00	  0.0000E+00	  0.0000E+00	  0.0000E+00	  0.0000E+00	  0.0000E+00	  0.0000E+00	  0.0000E+00	  0.0000E+00	  0.0000E+00	  0.0000E+00	  0.0000E+00	  0.0000E+00	  0.0000E+00	  0.0000E+00	  0.0000E+00	  0.0000E+00	  0.0000E+00	  0.0000E+00	  0.0000E+00	  0.0000E+00	  0.0000E+00	  0.0000E+00	  0.0000E+00	  0.0000E+00	  0.0000E+00	  0.0000E+00	  0.0000E+00	  0.0000E+00	  0.0000E+00	  0.0000E+00	  0.0000E+00	  0.0000E+00
  0.0000E+00	  0.0000E+00	  0.0000E+00	  0.0000E+00	  0.0000E+00	  0.0000E+00	  0.0000E+00	  0.0000E+00	  0.0000E+00	  0.0000E+00	  0.0000E+00	  0.0000E+00	  0.0000E+00	  0.0000E+00	  0.0000E+00	  0.0000E+00	  0.0000E+00	  0.0000E+00	  0.0000E+00	  0.0000E+00	  0.0000E+00	  0.0000E+00	  0.0000E+00	  0.0000E+00	  2.4277E-02	  1.0357E+00	  1.7740E+00	  3.9741E+00	  5.5158E+00	  5.6980E+00	  4.1316E+00	  4.5532E+00	  4.7435E+00	  6.7496E+00	  7.1317E+00	  5.2630E+00	  7.3942E+00	  5.8153E+00	  3.8202E+00	  1.5635E+00	  7.8684E-02	  0.0000E+00	  0.0000E+00	  0.0000E+00	  0.0000E+00	  0.0000E+00	  0.0000E+00	  0.0000E+00	  0.0000E+00	  0.0000E+00	  0.0000E+00	  0.0000E+00	  0.0000E+00	  0.0000E+00	  0.0000E+00	  0.0000E+00	  0.0000E+00	  0.0000E+00	  0.0000E+00	  0.0000E+00	  0.0000E+00	  0.0000E+00	  0.0000E+00	  0.0000E+00	  0.0000E+00	  0.0000E+00	  0.0000E+00	  0.0000E+00	  0.0000E+00	  0.0000E+00	  0.0000E+00	  0.0000E+00	  0.0000E+00	  0.0000E+00	  0.0000E+00	  0.0000E+00	  0.0000E+00	  0.0000E+00	  0.0000E+00	  0.0000E+00
  0.0000E+00	  0.0000E+00	  0.0000E+00	  0.0000E+00	  0.0000E+00	  0.0000E+00	  0.0000E+00	  0.0000E+00	  0.0000E+00	  0.0000E+00	  0.0000E+00	  0.0000E+00	  0.0000E+00	  0.0000E+00	  0.0000E+00	  0.0000E+00	  0.0000E+00	  0.0000E+00	  0.0000E+00	  0.0000E+00	  0.0000E+00	  0.0000E+00	  0.0000E+00	  0.0000E+00	  1.3904E-01	  9.7837E-01	  1.8611E+00	  8.1838E+00	  1.2967E+01	  1.7831E+01	  1.2551E+01	  1.3506E+01	  1.6000E+01	  1.5094E+01	  1.6397E+01	  1.3757E+01	  1.4894E+01	  1.4782E+01	  1.1699E+01	  8.8222E+00	  3.5010E+00	  9.9491E-01	  1.3480E-01	  0.0000E+00	  0.0000E+00	  0.0000E+00	  0.0000E+00	  0.0000E+00	  0.0000E+00	  0.0000E+00	  0.0000E+00	  0.0000E+00	  0.0000E+00	  0.0000E+00	  0.0000E+00	  0.0000E+00	  0.0000E+00	  0.0000E+00	  0.0000E+00	  0.0000E+00	  0.0000E+00	  0.0000E+00	  0.0000E+00	  0.0000E+00	  0.0000E+00	  0.0000E+00	  0.0000E+00	  0.0000E+00	  0.0000E+00	  0.0000E+00	  0.0000E+00	  0.0000E+00	  0.0000E+00	  0.0000E+00	  0.0000E+00	  0.0000E+00	  0.0000E+00	  0.0000E+00	  0.0000E+00	  0.0000E+00
  0.0000E+00	  0.0000E+00	  0.0000E+00	  0.0000E+00	  0.0000E+00	  0.0000E+00	  0.0000E+00	  0.0000E+00	  0.0000E+00	  0.0000E+00	  0.0000E+00	  0.0000E+00	  0.0000E+00	  0.0000E+00	  0.0000E+00	  0.0000E+00	  0.0000E+00	  0.0000E+00	  0.0000E+00	  0.0000E+00	  0.0000E+00	  0.0000E+00	  0.0000E+00	  0.0000E+00	  5.5025E-02	  1.8684E+00	  2.5778E+00	  9.3606E+00	  1.6704E+01	  2.6125E+01	  2.6792E+01	  2.4602E+01	  2.5100E+01	  2.7893E+01	  2.7697E+01	  2.7699E+01	  3.5516E+01	  2.5758E+01	  1.9837E+01	  1.6833E+01	  1.4460E+01	  4.7512E+00	  8.1455E-01	  1.8692E-01	  0.0000E+00	  0.0000E+00	  0.0000E+00	  0.0000E+00	  0.0000E+00	  0.0000E+00	  0.0000E+00	  0.0000E+00	  0.0000E+00	  0.0000E+00	  0.0000E+00	  0.0000E+00	  0.0000E+00	  0.0000E+00	  0.0000E+00	  0.0000E+00	  0.0000E+00	  0.0000E+00	  0.0000E+00	  0.0000E+00	  0.0000E+00	  0.0000E+00	  0.0000E+00	  0.0000E+00	  0.0000E+00	  0.0000E+00	  0.0000E+00	  0.0000E+00	  0.0000E+00	  0.0000E+00	  0.0000E+00	  0.0000E+00	  0.0000E+00	  0.0000E+00	  0.0000E+00	  0.0000E+00
  0.0000E+00	  0.0000E+00	  0.0000E+00	  0.0000E+00	  0.0000E+00	  0.0000E+00	  0.0000E+00	  0.0000E+00	  0.0000E+00	  0.0000E+00	  0.0000E+00	  0.0000E+00	  0.0000E+00	  0.0000E+00	  0.0000E+00	  0.0000E+00	  0.0000E+00	  0.0000E+00	  0.0000E+00	  0.0000E+00	  0.0000E+00	  0.0000E+00	  0.0000E+00	  0.0000E+00	  0.0000E+00	  1.5669E+00	  5.4733E+00	  1.0013E+01	  1.7783E+01	  3.2363E+01	  4.1457E+01	  4.7236E+01	  4.4589E+01	  4.7357E+01	  3.7724E+01	  4.2517E+01	  4.8294E+01	  4.1150E+01	  3.8791E+01	  3.5257E+01	  2.7887E+01	  1.8124E+01	  3.3532E+00	  3.4935E-01	  0.0000E+00	  0.0000E+00	  0.0000E+00	  0.0000E+00	  0.0000E+00	  0.0000E+00	  0.0000E+00	  0.0000E+00	  0.0000E+00	  0.0000E+00	  0.0000E+00	  0.0000E+00	  0.0000E+00	  0.0000E+00	  0.0000E+00	  0.0000E+00	  0.0000E+00	  0.0000E+00	  0.0000E+00	  0.0000E+00	  0.0000E+00	  0.0000E+00	  0.0000E+00	  0.0000E+00	  0.0000E+00	  0.0000E+00	  0.0000E+00	  0.0000E+00	  0.0000E+00	  0.0000E+00	  0.0000E+00	  0.0000E+00	  0.0000E+00	  0.0000E+00	  0.0000E+00	  0.0000E+00
  0.0000E+00	  0.0000E+00	  0.0000E+00	  0.0000E+00	  0.0000E+00	  0.0000E+00	  0.0000E+00	  0.0000E+00	  0.0000E+00	  0.0000E+00	  0.0000E+00	  0.0000E+00	  0.0000E+00	  0.0000E+00	  0.0000E+00	  0.0000E+00	  0.0000E+00	  0.0000E+00	  0.0000E+00	  0.0000E+00	  0.0000E+00	  0.0000E+00	  0.0000E+00	  0.0000E+00	  0.0000E+00	  4.5136E-01	  3.2165E+00	  7.7712E+00	  2.0799E+01	  3.8886E+01	  5.6571E+01	  7.0701E+01	  5.9442E+01	  5.7823E+01	  6.2843E+01	  6.4744E+01	  6.4958E+01	  6.1747E+01	  6.0460E+01	  5.5261E+01	  3.9217E+01	  3.4453E+01	  1.2383E+01	  8.0200E-01	  2.0939E-02	  0.0000E+00	  0.0000E+00	  0.0000E+00	  0.0000E+00	  0.0000E+00	  0.0000E+00	  0.0000E+00	  0.0000E+00	  0.0000E+00	  0.0000E+00	  0.0000E+00	  0.0000E+00	  0.0000E+00	  0.0000E+00	  0.0000E+00	  0.0000E+00	  0.0000E+00	  0.0000E+00	  0.0000E+00	  0.0000E+00	  0.0000E+00	  0.0000E+00	  0.0000E+00	  0.0000E+00	  0.0000E+00	  0.0000E+00	  0.0000E+00	  0.0000E+00	  0.0000E+00	  0.0000E+00	  0.0000E+00	  0.0000E+00	  0.0000E+00	  0.0000E+00	  0.0000E+00
  0.0000E+00	  0.0000E+00	  0.0000E+00	  0.0000E+00	  0.0000E+00	  0.0000E+00	  0.0000E+00	  0.0000E+00	  0.0000E+00	  0.0000E+00	  0.0000E+00	  0.0000E+00	  0.0000E+00	  0.0000E+00	  0.0000E+00	  0.0000E+00	  0.0000E+00	  0.0000E+00	  0.0000E+00	  0.0000E+00	  0.0000E+00	  0.0000E+00	  0.0000E+00	  0.0000E+00	  1.0143E-02	  6.1289E-01	  2.3513E+00	  6.7377E+00	  1.5906E+01	  3.7745E+01	  6.3748E+01	  8.2987E+01	  7.5241E+01	  8.3066E+01	  8.2469E+01	  8.3358E+01	  8.4942E+01	  8.7398E+01	  8.4593E+01	  7.4118E+01	  6.9341E+01	  5.2635E+01	  3.4189E+01	  8.0421E+00	  2.7287E-01	  0.0000E+00	  0.0000E+00	  0.0000E+00	  0.0000E+00	  0.0000E+00	  0.0000E+00	  0.0000E+00	  0.0000E+00	  0.0000E+00	  0.0000E+00	  0.0000E+00	  0.0000E+00	  0.0000E+00	  0.0000E+00	  0.0000E+00	  0.0000E+00	  0.0000E+00	  0.0000E+00	  0.0000E+00	  0.0000E+00	  0.0000E+00	  0.0000E+00	  0.0000E+00	  0.0000E+00	  0.0000E+00	  0.0000E+00	  0.0000E+00	  0.0000E+00	  0.0000E+00	  0.0000E+00	  0.0000E+00	  0.0000E+00	  0.0000E+00	  0.0000E+00	  0.0000E+00
  0.0000E+00	  0.0000E+00	  0.0000E+00	  0.0000E+00	  0.0000E+00	  0.0000E+00	  0.0000E+00	  0.0000E+00	  0.0000E+00	  0.0000E+00	  0.0000E+00	  0.0000E+00	  0.0000E+00	  0.0000E+00	  0.0000E+00	  0.0000E+00	  0.0000E+00	  0.0000E+00	  0.0000E+00	  0.0000E+00	  0.0000E+00	  0.0000E+00	  0.0000E+00	  0.0000E+00	  1.5549E-01	  1.5922E+00	  1.2773E+00	  6.7794E+00	  1.7946E+01	  3.4897E+01	  5.5557E+01	  9.9232E+01	  1.1148E+02	  1.0895E+02	  1.1371E+02	  1.1428E+02	  1.1431E+02	  1.0967E+02	  1.0651E+02	  9.7603E+01	  9.4744E+01	  7.6450E+01	  5.9277E+01	  2.4523E+01	  3.1860E+00	  3.4839E-01	  0.0000E+00	  0.0000E+00	  0.0000E+00	  0.0000E+00	  0.0000E+00	  0.0000E+00	  0.0000E+00	  0.0000E+00	  0.0000E+00	  0.0000E+00	  0.0000E+00	  0.0000E+00	  0.0000E+00	  0.0000E+00	  0.0000E+00	  0.0000E+00	  0.0000E+00	  0.0000E+00	  0.0000E+00	  0.0000E+00	  0.0000E+00	  0.0000E+00	  0.0000E+00	  0.0000E+00	  0.0000E+00	  0.0000E+00	  0.0000E+00	  0.0000E+00	  0.0000E+00	  0.0000E+00	  0.0000E+00	  0.0000E+00	  0.0000E+00	  0.0000E+00
  0.0000E+00	  0.0000E+00	  0.0000E+00	  0.0000E+00	  0.0000E+00	  0.0000E+00	  0.0000E+00	  0.0000E+00	  0.0000E+00	  0.0000E+00	  0.0000E+00	  0.0000E+00	  0.0000E+00	  0.0000E+00	  0.0000E+00	  0.0000E+00	  0.0000E+00	  0.0000E+00	  0.0000E+00	  0.0000E+00	  0.0000E+00	  0.0000E+00	  0.0000E+00	  0.0000E+00	  1.3785E-02	  1.3556E+00	  2.2144E+00	  7.4338E+00	  1.5531E+01	  3.3668E+01	  5.8770E+01	  9.5708E+01	  1.2019E+02	  1.3247E+02	  1.4930E+02	  1.3536E+02	  1.3220E+02	  1.4300E+02	  1.3722E+02	  1.3251E+02	  1.2647E+02	  1.0705E+02	  8.7582E+01	  5.6141E+01	  1.6298E+01	  1.4550E+00	  0.0000E+00	  0.0000E+00	  0.0000E+00	  0.0000E+00	  0.0000E+00	  0.0000E+00	  0.0000E+00	  0.0000E+00	  0.0000E+00	  0.0000E+00	  0.0000E+00	  0.0000E+00	  0.0000E+00	  0.0000E+00	  0.0000E+00	  0.0000E+00	  0.0000E+00	  0.0000E+00	  0.0000E+00	  0.0000E+00	  0.0000E+00	  0.0000E+00	  0.0000E+00	  0.0000E+00	  0.0000E+00	  0.0000E+00	  0.0000E+00	  0.0000E+00	  0.0000E+00	  0.0000E+00	  0.0000E+00	  0.0000E+00	  0.0000E+00	  0.0000E+00
  0.0000E+00	  0.0000E+00	  0.0000E+00	  0.0000E+00	  0.0000E+00	  0.0000E+00	  0.0000E+00	  0.0000E+00	  0.0000E+00	  0.0000E+00	  0.0000E+00	  0.0000E+00	  0.0000E+00	  0.0000E+00	  0.0000E+00	  0.0000E+00	  0.0000E+00	  0.0000E+00	  0.0000E+00	  0.0000E+00	  0.0000E+00	  0.0000E+00	  0.0000E+00	  0.0000E+00	  0.0000E+00	  6.9810E-01	  2.1776E+00	  6.5810E+00	  1.3778E+01	  2.7509E+01	  4.8797E+01	  9.0400E+01	  1.2892E+02	  1.6756E+02	  1.7254E+02	  1.7670E+02	  1.6310E+02	  1.7383E+02	  1.5129E+02	  1.5194E+02	  1.4872E+02	  1.3940E+02	  1.2505E+02	  8.5337E+01	  4.1170E+01	  9.2215E+00	  1.5086E-01	  0.0000E+00	  0.0000E+00	  0.0000E+00	  0.0000E+00	  0.0000E+00	  0.0000E+00	  0.0000E+00	  0.0000E+00	  0.0000E+00	  0.0000E+00	  0.0000E+00	  0.0000E+00	  0.0000E+00	  0.0000E+00	  0.0000E+00	  0.0000E+00	  0.0000E+00	  0.0000E+00	  0.0000E+00	  0.0000E+00	  0.0000E+00	  0.0000E+00	  0.0000E+00	  0.0000E+00	  0.0000E+00	  0.0000E+00	  0.0000E+00	  0.0000E+00	  0.0000E+00	  0.0000E+00	  0.0000E+00	  0.0000E+00	  0.0000E+00
  0.0000E+00	  0.0000E+00	  0.0000E+00	  0.0000E+00	  0.0000E+00	  0.0000E+00	  0.0000E+00	  0.0000E+00	  0.0000E+00	  0.0000E+00	  0.0000E+00	  0.0000E+00	  0.0000E+00	  0.0000E+00	  0.0000E+00	  0.0000E+00	  0.0000E+00	  0.0000E+00	  0.0000E+00	  0.0000E+00	  0.0000E+00	  0.0000E+00	  0.0000E+00	  0.0000E+00	  0.0000E+00	  4.8247E-02	  1.9796E+00	  8.1773E+00	  1.2611E+01	  2.6071E+01	  4.7155E+01	  8.6491E+01	  1.3165E+02	  1.6929E+02	  1.8825E+02	  1.8953E+02	  1.7522E+02	  1.7296E+02	  1.7257E+02	  1.8985E+02	  1.6387E+02	  1.6116E+02	  1.3614E+02	  9.6660E+01	  5.8068E+01	  1.2611E+01	  2.2429E-01	  0.0000E+00	  0.0000E+00	  0.0000E+00	  0.0000E+00	  0.0000E+00	  0.0000E+00	  0.0000E+00	  0.0000E+00	  0.0000E+00	  0.0000E+00	  0.0000E+00	  0.0000E+00	  0.0000E+00	  0.0000E+00	  0.0000E+00	  0.0000E+00	  0.0000E+00	  0.0000E+00	  0.0000E+00	  0.0000E+00	  0.0000E+00	  0.0000E+00	  0.0000E+00	  0.0000E+00	  0.0000E+00	  0.0000E+00	  0.0000E+00	  0.0000E+00	  0.0000E+00	  0.0000E+00	  0.0000E+00	  0.0000E+00	  0.0000E+00
  0.0000E+00	  0.0000E+00	  0.0000E+00	  0.0000E+00	  0.0000E+00	  0.0000E+00	  0.0000E+00	  0.0000E+00	  0.0000E+00	  0.0000E+00	  0.0000E+00	  0.0000E+00	  0.0000E+00	  0.0000E+00	  0.0000E+00	  0.0000E+00	  0.0000E+00	  0.0000E+00	  0.0000E+00	  0.0000E+00	  0.0000E+00	  0.0000E+00	  0.0000E+00	  0.0000E+00	  0.0000E+00	  0.0000E+00	  1.0868E+00	  5.4763E+00	  1.2566E+01	  2.1091E+01	  4.4137E+01	  8.0032E+01	  1.2040E+02	  1.6317E+02	  1.7253E+02	  1.7913E+02	  1.7821E+02	  1.6740E+02	  1.6818E+02	  1.7225E+02	  1.6880E+02	  1.6176E+02	  1.3398E+02	  1.0120E+02	  6.2578E+01	  2.0894E+01	  7.3965E-01	  0.0000E+00	  0.0000E+00	  0.0000E+00	  0.0000E+00	  0.0000E+00	  0.0000E+00	  0.0000E+00	  0.0000E+00	  0.0000E+00	  0.0000E+00	  0.0000E+00	  0.0000E+00	  0.0000E+00	  0.0000E+00	  0.0000E+00	  0.0000E+00	  0.0000E+00	  0.0000E+00	  0.0000E+00	  0.0000E+00	  0.0000E+00	  0.0000E+00	  0.0000E+00	  0.0000E+00	  0.0000E+00	  0.0000E+00	  0.0000E+00	  0.0000E+00	  0.0000E+00	  0.0000E+00	  0.0000E+00	  0.0000E+00	  0.0000E+00
  0.0000E+00	  0.0000E+00	  0.0000E+00	  0.0000E+00	  0.0000E+00	  0.0000E+00	  0.0000E+00	  0.0000E+00	  0.0000E+00	  0.0000E+00	  0.0000E+00	  0.0000E+00	  0.0000E+00	  0.0000E+00	  0.0000E+00	  0.0000E+00	  0.0000E+00	  0.0000E+00	  0.0000E+00	  0.0000E+00	  0.0000E+00	  0.0000E+00	  0.0000E+00	  0.0000E+00	  0.0000E+00	  0.0000E+00	  7.6083E-01	  3.8865E+00	  1.2574E+01	  2.3232E+01	  4.5926E+01	  7.1055E+01	  1.1761E+02	  1.4802E+02	  1.7457E+02	  1.6922E+02	  1.7829E+02	  1.6834E+02	  1.6379E+02	  1.6370E+02	  1.6423E+02	  1.5190E+02	  1.3826E+02	  1.1084E+02	  6.4389E+01	  2.7377E+01	  2.4438E+00	  0.0000E+00	  0.0000E+00	  0.0000E+00	  0.0000E+00	  0.0000E+00	  0.0000E+00	  0.0000E+00	  0.0000E+00	  0.0000E+00	  0.0000E+00	  0.0000E+00	  0.0000E+00	  0.0000E+00	  0.0000E+00	  0.0000E+00	  0.0000E+00	  0.0000E+00	  0.0000E+00	  0.0000E+00	  0.0000E+00	  0.0000E+00	  0.0000E+00	  0.0000E+00	  0.0000E+00	  0.0000E+00	  0.0000E+00	  0.0000E+00	  0.0000E+00	  0.0000E+00	  0.0000E+00	  0.0000E+00	  0.0000E+00	  0.0000E+00
  0.0000E+00	  0.0000E+00	  0.0000E+00	  0.0000E+00	  0.0000E+00	  0.0000E+00	  0.0000E+00	  0.0000E+00	  0.0000E+00	  0.0000E+00	  0.0000E+00	  0.0000E+00	  0.0000E+00	  0.0000E+00	  0.0000E+00	  0.0000E+00	  0.0000E+00	  0.0000E+00	  0.0000E+00	  0.0000E+00	  0.0000E+00	  0.0000E+00	  0.0000E+00	  0.0000E+00	  0.0000E+00	  0.0000E+00	  6.7973E-01	  4.3551E+00	  1.0511E+01	  2.5081E+01	  4.2929E+01	  7.1559E+01	  1.1430E+02	  1.4603E+02	  1.7818E+02	  1.7872E+02	  1.8297E+02	  1.6894E+02	  1.6272E+02	  1.6986E+02	  1.6222E+02	  1.5367E+02	  1.3833E+02	  1.1362E+02	  7.7605E+01	  3.2545E+01	  3.4956E+00	  0.0000E+00	  0.0000E+00	  0.0000E+00	  0.0000E+00	  0.0000E+00	  0.0000E+00	  0.0000E+00	  0.0000E+00	  0.0000E+00	  0.0000E+00	  0.0000E+00	  0.0000E+00	  0.0000E+00	  0.0000E+00	  0.0000E+00	  0.0000E+00	  0.0000E+00	  0.0000E+00	  0.0000E+00	  0.0000E+00	  0.0000E+00	  0.0000E+00	  0.0000E+00	  0.0000E+00	  0.0000E+00	  0.0000E+00	  0.0000E+00	  0.0000E+00	  0.0000E+00	  0.0000E+00	  0.0000E+00	  0.0000E+00	  0.0000E+00
  0.0000E+00	  0.0000E+00	  0.0000E+00	  0.0000E+00	  0.0000E+00	  0.0000E+00	  0.0000E+00	  0.0000E+00	  0.0000E+00	  0.0000E+00	  0.0000E+00	  0.0000E+00	  0.0000E+00	  0.0000E+00	  0.0000E+00	  0.0000E+00	  0.0000E+00	  0.0000E+00	  0.0000E+00	  0.0000E+00	  0.0000E+00	  0.0000E+00	  0.0000E+00	  0.0000E+00	  0.0000E+00	  5.0432E-02	  7.8465E-01	  4.2750E+00	  1.0777E+01	  1.8820E+01	  3.6296E+01	  7.1857E+01	  1.0613E+02	  1.4455E+02	  1.7744E+02	  1.6665E+02	  1.6747E+02	  1.7175E+02	  1.6882E+02	  1.8172E+02	  1.7662E+02	  1.6445E+02	  1.3994E+02	  1.2325E+02	  8.7284E+01	  3.8093E+01	  6.5300E+00	  0.0000E+00	  0.0000E+00	  0.0000E+00	  0.0000E+00	  0.0000E+00	  0.0000E+00	  0.0000E+00	  0.0000E+00	  0.0000E+00	  0.0000E+00	  0.0000E+00	  0.0000E+00	  0.0000E+00	  0.0000E+00	  0.0000E+00	  0.0000E+00	  0.0000E+00	  0.0000E+00	  0.0000E+00	  0.0000E+00	  0.0000E+00	  0.0000E+00	  0.0000E+00	  0.0000E+00	  0.0000E+00	  0.0000E+00	  0.0000E+00	  0.0000E+00	  0.0000E+00	  0.0000E+00	  0.0000E+00	  0.0000E+00	  0.0000E+00
  0.0000E+00	  0.0000E+00	  0.0000E+00	  0.0000E+00	  0.0000E+00	  0.0000E+00	  0.0000E+00	  0.0000E+00	  0.0000E+00	  0.0000E+00	  0.0000E+00	  0.0000E+00	  0.0000E+00	  0.0000E+00	  0.0000E+00	  0.0000E+00	  0.0000E+00	  0.0000E+00	  0.0000E+00	  0.0000E+00	  0.0000E+00	  0.0000E+00	  0.0000E+00	  0.0000E+00	  0.0000E+00	  1.0464E-02	  1.6631E-01	  2.7010E+00	  9.8168E+00	  1.9172E+01	  3.3635E+01	  5.9640E+01	  9.8113E+01	  1.4043E+02	  1.6612E+02	  1.7893E+02	  1.7384E+02	  1.6897E+02	  1.6919E+02	  1.6864E+02	  1.7384E+02	  1.5642E+02	  1.3334E+02	  1.2199E+02	  8.6084E+01	  4.3983E+01	  9.4874E+00	  1.7208E-02	  0.0000E+00	  0.0000E+00	  0.0000E+00	  0.0000E+00	  0.0000E+00	  0.0000E+00	  0.0000E+00	  0.0000E+00	  0.0000E+00	  0.0000E+00	  0.0000E+00	  0.0000E+00	  0.0000E+00	  0.0000E+00	  0.0000E+00	  0.0000E+00	  0.0000E+00	  0.0000E+00	  0.0000E+00	  0.0000E+00	  0.0000E+00	  0.0000E+00	  0.0000E+00	  0.0000E+00	  0.0000E+00	  0.0000E+00	  0.0000E+00	  0.0000E+00	  0.0000E+00	  0.0000E+00	  0.0000E+00	  0.0000E+00
  0.0000E+00	  0.0000E+00	  0.0000E+00	  0.0000E+00	  0.0000E+00	  0.0000E+00	  0.0000E+00	  0.0000E+00	  0.0000E+00	  0.0000E+00	  0.0000E+00	  0.0000E+00	  0.0000E+00	  0.0000E+00	  0.0000E+00	  0.0000E+00	  0.0000E+00	  0.0000E+00	  0.0000E+00	  0.0000E+00	  0.0000E+00	  0.0000E+00	  0.0000E+00	  0.0000E+00	  0.0000E+00	  9.8554E-02	  8.6618E-01	  2.0457E+00	  7.9021E+00	  1.7742E+01	  3.4119E+01	  6.0475E+01	  8.9550E+01	  1.3262E+02	  1.6982E+02	  1.8263E+02	  1.6764E+02	  1.7271E+02	  1.7107E+02	  1.7240E+02	  1.6839E+02	  1.6749E+02	  1.5642E+02	  1.3204E+02	  9.2510E+01	  4.9284E+01	  1.0974E+01	  1.0000E-01	  0.0000E+00	  0.0000E+00	  0.0000E+00	  0.0000E+00	  0.0000E+00	  0.0000E+00	  0.0000E+00	  0.0000E+00	  0.0000E+00	  0.0000E+00	  0.0000E+00	  0.0000E+00	  0.0000E+00	  0.0000E+00	  0.0000E+00	  0.0000E+00	  0.0000E+00	  0.0000E+00	  0.0000E+00	  0.0000E+00	  0.0000E+00	  0.0000E+00	  0.0000E+00	  0.0000E+00	  0.0000E+00	  0.0000E+00	  0.0000E+00	  0.0000E+00	  0.0000E+00	  0.0000E+00	  0.0000E+00	  0.0000E+00
  0.0000E+00	  0.0000E+00	  0.0000E+00	  0.0000E+00	  0.0000E+00	  0.0000E+00	  0.0000E+00	  0.0000E+00	  0.0000E+00	  0.0000E+00	  0.0000E+00	  0.0000E+00	  0.0000E+00	  0.0000E+00	  0.0000E+00	  0.0000E+00	  0.0000E+00	  0.0000E+00	  0.0000E+00	  0.0000E+00	  0.0000E+00	  0.0000E+00	  0.0000E+00	  0.0000E+00	  0.0000E+00	  2.2345E-02	  3.3683E-01	  1.9270E+00	  6.6144E+00	  1.6928E+01	  2.4042E+01	  4.8189E+01	  8.8816E+01	  1.2436E+02	  1.7031E+02	  1.6981E+02	  1.7517E+02	  1.8458E+02	  1.7952E+02	  1.8597E+02	  1.7636E+02	  1.6274E+02	  1.4836E+02	  1.3500E+02	  1.0027E+02	  5.7609E+01	  1.6509E+01	  2.8047E-01	  0.0000E+00	  0.0000E+00	  0.0000E+00	  0.0000E+00	  0.0000E+00	  0.0000E+00	  0.0000E+00	  0.0000E+00	  0.0000E+00	  0.0000E+00	  0.0000E+00	  0.0000E+00	  0.0000E+00	  0.0000E+00	  0.0000E+00	  0.0000E+00	  0.0000E+00	  0.0000E+00	  0.0000E+00	  0.0000E+00	  0.0000E+00	  0.0000E+00	  0.0000E+00	  0.0000E+00	  0.0000E+00	  0.0000E+00	  0.0000E+00	  0.0000E+00	  0.0000E+00	  0.0000E+00	  0.0000E+00	  0.0000E+00
  0.0000E+00	  0.0000E+00	  0.0000E+00	  0.0000E+00	  0.0000E+00	  0.0000E+00	  0.0000E+00	  0.0000E+00	  0.0000E+00	  0.0000E+00	  0.0000E+00	  0.0000E+00	  0.0000E+00	  0.0000E+00	  0.0000E+00	  0.0000E+00	  0.0000E+00	  0.0000E+00	  0.0000E+00	  0.0000E+00	  0.0000E+00	  0.0000E+00	  0.0000E+00	  0.0000E+00	  0.0000E+00	  4.4512E-02	  6.9635E-01	  2.9746E+00	  6.0643E+00	  1.2918E+01	  2.4993E+01	  5.1069E+01	  9.4521E+01	  1.1871E+02	  1.6623E+02	  1.7278E+02	  1.6982E+02	  1.7414E+02	  1.6848E+02	  1.7107E+02	  1.7366E+02	  1.6421E+02	  1.4745E+02	  1.4158E+02	  1.0134E+02	  6.9980E+01	  2.0413E+01	  3.9054E-01	  0.0000E+00	  0.0000E+00	  0.0000E+00	  0.0000E+00	  0.0000E+00	  0.0000E+00	  0.0000E+00	  0.0000E+00	  0.0000E+00	  0.0000E+00	  0.0000E+00	  0.0000E+00	  0.0000E+00	  0.0000E+00	  0.0000E+00	  0.0000E+00	  0.0000E+00	  0.0000E+00	  0.0000E+00	  0.0000E+00	  0.0000E+00	  0.0000E+00	  0.0000E+00	  0.0000E+00	  0.0000E+00	  0.0000E+00	  0.0000E+00	  0.0000E+00	  0.0000E+00	  0.0000E+00	  0.0000E+00	  0.0000E+00
  0.0000E+00	  0.0000E+00	  0.0000E+00	  0.0000E+00	  0.0000E+00	  0.0000E+00	  0.0000E+00	  0.0000E+00	  0.0000E+00	  0.0000E+00	  0.0000E+00	  0.0000E+00	  0.0000E+00	  0.0000E+00	  0.0000E+00	  0.0000E+00	  0.0000E+00	  0.0000E+00	  0.0000E+00	  0.0000E+00	  0.0000E+00	  0.0000E+00	  0.0000E+00	  0.0000E+00	  0.0000E+00	  0.0000E+00	  1.9532E-01	  2.8702E+00	  6.4416E+00	  1.1168E+01	  2.7111E+01	  4.7898E+01	  8.5930E+01	  1.2330E+02	  1.5769E+02	  1.7073E+02	  1.6730E+02	  1.6779E+02	  1.7927E+02	  1.7366E+02	  1.7672E+02	  1.5589E+02	  1.4691E+02	  1.3285E+02	  1.0002E+02	  6.9268E+01	  2.4653E+01	  1.3815E+00	  0.0000E+00	  0.0000E+00	  0.0000E+00	  0.0000E+00	  0.0000E+00	  0.0000E+00	  0.0000E+00	  0.0000E+00	  0.0000E+00	  0.0000E+00	  0.0000E+00	  0.0000E+00	  0.0000E+00	  0.0000E+00	  0.0000E+00	  0.0000E+00	  0.0000E+00	  0.0000E+00	  0.0000E+00	  0.0000E+00	  0.0000E+00	  0.0000E+00	  0.0000E+00	  0.0000E+00	  0.0000E+00	  0.0000E+00	  0.0000E+00	  0.0000E+00	  0.0000E+00	  0.0000E+00	  0.0000E+00	  0.0000E+00
  0.0000E+00	  0.0000E+00	  0.0000E+00	  0.0000E+00	  0.0000E+00	  0.0000E+00	  0.0000E+00	  0.0000E+00	  0.0000E+00	  0.0000E+00	  0.0000E+00	  0.0000E+00	  0.0000E+00	  0.0000E+00	  0.0000E+00	  0.0000E+00	  0.0000E+00	  0.0000E+00	  0.0000E+00	  0.0000E+00	  0.0000E+00	  0.0000E+00	  0.0000E+00	  0.0000E+00	  0.0000E+00	  0.0000E+00	  1.0344E-02	  1.6746E+00	  5.5239E+00	  1.0783E+01	  2.2054E+01	  3.9625E+01	  7.0892E+01	  1.0924E+02	  1.4663E+02	  1.6984E+02	  1.7362E+02	  1.7544E+02	  1.7204E+02	  1.7926E+02	  1.7037E+02	  1.6443E+02	  1.4571E+02	  1.3500E+02	  1.1332E+02	  7.0939E+01	  2.9707E+01	  2.7606E+00	  0.0000E+00	  0.0000E+00	  0.0000E+00	  0.0000E+00	  0.0000E+00	  0.0000E+00	  0.0000E+00	  0.0000E+00	  0.0000E+00	  0.0000E+00	  0.0000E+00	  0.0000E+00	  0.0000E+00	  0.0000E+00	  0.0000E+00	  0.0000E+00	  0.0000E+00	  0.0000E+00	  0.0000E+00	  0.0000E+00	  0.0000E+00	  0.0000E+00	  0.0000E+00	  0.0000E+00	  0.0000E+00	  0.0000E+00	  0.0000E+00	  0.0000E+00	  0.0000E+00	  0.0000E+00	  0.0000E+00	  0.0000E+00
  0.0000E+00	  0.0000E+00	  0.0000E+00	  0.0000E+00	  0.0000E+00	  0.0000E+00	  0.0000E+00	  0.0000E+00	  0.0000E+00	  0.0000E+00	  0.0000E+00	  0.0000E+00	  0.0000E+00	  0.0000E+00	  0.0000E+00	  0.0000E+00	  0.0000E+00	  0.0000E+00	  0.0000E+00	  0.0000E+00	  0.0000E+00	  0.0000E+00	  0.0000E+00	  0.0000E+00	  0.0000E+00	  0.0000E+00	  1.9160E-02	  2.3881E+00	  4.1613E+00	  9.3992E+00	  1.6408E+01	  3.8561E+01	  6.9542E+01	  1.1034E+02	  1.4789E+02	  1.6305E+02	  1.7718E+02	  1.7092E+02	  1.7228E+02	  1.7270E+02	  1.7140E+02	  1.7001E+02	  1.5652E+02	  1.4866E+02	  1.1681E+02	  8.4919E+01	  3.6467E+01	  3.4532E+00	  0.0000E+00	  0.0000E+00	  0.0000E+00	  0.0000E+00	  0.0000E+00	  0.0000E+00	  0.0000E+00	  0.0000E+00	  0.0000E+00	  0.0000E+00	  0.0000E+00	  0.0000E+00	  0.0000E+00	  0.0000E+00	  0.0000E+00	  0.0000E+00	  0.0000E+00	  0.0000E+00	  0.0000E+00	  0.0000E+00	  0.0000E+00	  0.0000E+00	  0.0000E+00	  0.0000E+00	  0.0000E+00	  0.0000E+00	  0.0000E+00	  0.0000E+00	  0.0000E+00	  0.0000E+00	  0.0000E+00	  0.0000E+00
  0.0000E+00	  0.0000E+00	  0.0000E+00	  0.0000E+00	  0.0000E+00	  0.0000E+00	  0.0000E+00	  0.0000E+00	  0.0000E+00	  0.0000E+00	  0.0000E+00	  0.0000E+00	  0.0000E+00	  0.0000E+00	  0.0000E+00	  0.0000E+00	  0.0000E+00	  0.0000E+00	  0.0000E+00	  0.0000E+00	  0.0000E+00	  0.0000E+00	  0.0000E+00	  0.0000E+00	  0.0000E+00	  0.0000E+00	  1.0160E-03	  3.8740E-01	  1.6372E+00	  7.2103E+00	  2.0803E+01	  3.3835E+01	  6.6613E+01	  1.0611E+02	  1.4118E+02	  1.7301E+02	  1.7904E+02	  1.6344E+02	  1.6550E+02	  1.7047E+02	  1.6236E+02	  1.5882E+02	  1.5915E+02	  1.4204E+02	  1.2670E+02	  8.7301E+01	  3.9113E+01	  4.5110E+00	  4.7869E-03	  0.0000E+00	  0.0000E+00	  0.0000E+00	  0.0000E+00	  0.0000E+00	  0.0000E+00	  0.0000E+00	  0.0000E+00	  0.0000E+00	  0.0000E+00	  0.0000E+00	  0.0000E+00	  0.0000E+00	  0.0000E+00	  0.0000E+00	  0.0000E+00	  0.0000E+00	  0.0000E+00	  0.0000E+00	  0.0000E+00	  0.0000E+00	  0.0000E+00	  0.0000E+00	  0.0000E+00	  0.0000E+00	  0.0000E+00	  0.0000E+00	  0.0000E+00	  0.0000E+00	  0.0000E+00	  0.0000E+00
  0.0000E+00	  0.0000E+00	  0.0000E+00	  0.0000E+00	  0.0000E+00	  0.0000E+00	  0.0000E+00	  0.0000E+00	  0.0000E+00	  0.0000E+00	  0.0000E+00	  0.0000E+00	  0.0000E+00	  0.0000E+00	  0.0000E+00	  0.0000E+00	  0.0000E+00	  0.0000E+00	  0.0000E+00	  0.0000E+00	  0.0000E+00	  0.0000E+00	  0.0000E+00	  0.0000E+00	  0.0000E+00	  0.0000E+00	  0.0000E+00	  2.1298E-01	  2.9038E+00	  7.7962E+00	  2.1203E+01	  3.2400E+01	  5.4767E+01	  9.9798E+01	  1.3588E+02	  1.6448E+02	  1.6708E+02	  1.6488E+02	  1.7743E+02	  1.7174E+02	  1.7787E+02	  1.6766E+02	  1.6171E+02	  1.5791E+02	  1.3105E+02	  9.5091E+01	  4.9841E+01	  8.8834E+00	  6.4370E-02	  0.0000E+00	  0.0000E+00	  0.0000E+00	  0.0000E+00	  0.0000E+00	  0.0000E+00	  0.0000E+00	  0.0000E+00	  0.0000E+00	  0.0000E+00	  0.0000E+00	  0.0000E+00	  0.0000E+00	  0.0000E+00	  0.0000E+00	  0.0000E+00	  0.0000E+00	  0.0000E+00	  0.0000E+00	  0.0000E+00	  0.0000E+00	  0.0000E+00	  0.0000E+00	  0.0000E+00	  0.0000E+00	  0.0000E+00	  0.0000E+00	  0.0000E+00	  0.0000E+00	  0.0000E+00	  0.0000E+00
  0.0000E+00	  0.0000E+00	  0.0000E+00	  0.0000E+00	  0.0000E+00	  0.0000E+00	  0.0000E+00	  0.0000E+00	  0.0000E+00	  0.0000E+00	  0.0000E+00	  0.0000E+00	  0.0000E+00	  0.0000E+00	  0.0000E+00	  0.0000E+00	  0.0000E+00	  0.0000E+00	  0.0000E+00	  0.0000E+00	  0.0000E+00	  0.0000E+00	  0.0000E+00	  0.0000E+00	  0.0000E+00	  0.0000E+00	  0.0000E+00	  1.7119E-01	  2.1269E+00	  6.6292E+00	  1.3527E+01	  3.1235E+01	  5.7819E+01	  9.3260E+01	  1.2453E+02	  1.7670E+02	  1.7400E+02	  1.7352E+02	  1.8072E+02	  1.7132E+02	  1.6771E+02	  1.7343E+02	  1.5892E+02	  1.5262E+02	  1.3869E+02	  9.9867E+01	  5.5981E+01	  1.1821E+01	  1.5643E-01	  0.0000E+00	  0.0000E+00	  0.0000E+00	  0.0000E+00	  0.0000E+00	  0.0000E+00	  0.0000E+00	  0.0000E+00	  0.0000E+00	  0.0000E+00	  0.0000E+00	  0.0000E+00	  0.0000E+00	  0.0000E+00	  0.0000E+00	  0.0000E+00	  0.0000E+00	  0.0000E+00	  0.0000E+00	  0.0000E+00	  0.0000E+00	  0.0000E+00	  0.0000E+00	  0.0000E+00	  0.0000E+00	  0.0000E+00	  0.0000E+00	  0.0000E+00	  0.0000E+00	  0.0000E+00	  0.0000E+00
  0.0000E+00	  0.0000E+00	  0.0000E+00	  0.0000E+00	  0.0000E+00	  0.0000E+00	  0.0000E+00	  0.0000E+00	  0.0000E+00	  0.0000E+00	  0.0000E+00	  0.0000E+00	  0.0000E+00	  0.0000E+00	  0.0000E+00	  0.0000E+00	  0.0000E+00	  0.0000E+00	  0.0000E+00	  0.0000E+00	  0.0000E+00	  0.0000E+00	  0.0000E+00	  0.0000E+00	  0.0000E+00	  0.0000E+00	  0.0000E+00	  3.5700E-01	  3.6601E+00	  5.9173E+00	  1.2729E+01	  3.3497E+01	  5.7930E+01	  8.7706E+01	  1.3391E+02	  1.7150E+02	  1.7639E+02	  1.7025E+02	  1.7448E+02	  1.7067E+02	  1.6948E+02	  1.7450E+02	  1.6121E+02	  1.5361E+02	  1.3377E+02	  9.1389E+01	  6.6997E+01	  2.1822E+01	  5.1840E-01	  0.0000E+00	  0.0000E+00	  0.0000E+00	  0.0000E+00	  0.0000E+00	  0.0000E+00	  0.0000E+00	  0.0000E+00	  0.0000E+00	  0.0000E+00	  0.0000E+00	  0.0000E+00	  0.0000E+00	  0.0000E+00	  0.0000E+00	  0.0000E+00	  0.0000E+00	  0.0000E+00	  0.0000E+00	  0.0000E+00	  0.0000E+00	  0.0000E+00	  0.0000E+00	  0.0000E+00	  0.0000E+00	  0.0000E+00	  0.0000E+00	  0.0000E+00	  0.0000E+00	  0.0000E+00	  0.0000E+00
  0.0000E+00	  0.0000E+00	  0.0000E+00	  0.0000E+00	  0.0000E+00	  0.0000E+00	  0.0000E+00	  0.0000E+00	  0.0000E+00	  0.0000E+00	  0.0000E+00	  0.0000E+00	  0.0000E+00	  0.0000E+00	  0.0000E+00	  0.0000E+00	  0.0000E+00	  0.0000E+00	  0.0000E+00	  0.0000E+00	  0.0000E+00	  0.0000E+00	  0.0000E+00	  0.0000E+00	  0.0000E+00	  0.0000E+00	  0.0000E+00	  2.6574E-01	  3.0884E+00	  3.9408E+00	  9.9217E+00	  2.8027E+01	  4.8000E+01	  7.9640E+01	  1.1549E+02	  1.5479E+02	  1.7517E+02	  1.7212E+02	  1.6666E+02	  1.7520E+02	  1.8369E+02	  1.6525E+02	  1.6890E+02	  1.5638E+02	  1.3198E+02	  9.3678E+01	  6.2146E+01	  1.9433E+01	  3.0855E-01	  0.0000E+00	  0.0000E+00	  0.0000E+00	  0.0000E+00	  0.0000E+00	  0.0000E+00	  0.0000E+00	  0.0000E+00	  0.0000E+00	  0.0000E+00	  0.0000E+00	  0.0000E+00	  0.0000E+00	  0.0000E+00	  0.0000E+00	  0.0000E+00	  0.0000E+00	  0.0000E+00	  0.0000E+00	  0.0000E+00	  0.0000E+00	  0.0000E+00	  0.0000E+00	  0.0000E+00	  0.0000E+00	  0.0000E+00	  0.0000E+00	  0.0000E+00	  0.0000E+00	  0.0000E+00	  0.0000E+00
  0.0000E+00	  0.0000E+00	  0.0000E+00	  0.0000E+00	  0.0000E+00	  0.0000E+00	  0.0000E+00	  0.0000E+00	  0.0000E+00	  0.0000E+00	  0.0000E+00	  0.0000E+00	  0.0000E+00	  0.0000E+00	  0.0000E+00	  0.0000E+00	  0.0000E+00	  0.0000E+00	  0.0000E+00	  0.0000E+00	  0.0000E+00	  0.0000E+00	  0.0000E+00	  0.0000E+00	  0.0000E+00	  0.0000E+00	  0.0000E+00	  6.4293E-02	  1.9272E+00	  4.5322E+00	  1.1976E+01	  2.5312E+01	  4.6920E+01	  7.7007E+01	  1.2145E+02	  1.5257E+02	  1.6746E+02	  1.6805E+02	  1.7436E+02	  1.7503E+02	  1.8036E+02	  1.6819E+02	  1.6681E+02	  1.5578E+02	  1.4449E+02	  1.0626E+02	  6.9318E+01	  2.4738E+01	  2.3359E+00	  0.0000E+00	  0.0000E+00	  0.0000E+00	  0.0000E+00	  0.0000E+00	  0.0000E+00	  0.0000E+00	  0.0000E+00	  0.0000E+00	  0.0000E+00	  0.0000E+00	  0.0000E+00	  0.0000E+00	  0.0000E+00	  0.0000E+00	  0.0000E+00	  0.0000E+00	  0.0000E+00	  0.0000E+00	  0.0000E+00	  0.0000E+00	  0.0000E+00	  0.0000E+00	  0.0000E+00	  0.0000E+00	  0.0000E+00	  0.0000E+00	  0.0000E+00	  0.0000E+00	  0.0000E+00	  0.0000E+00
  0.0000E+00	  0.0000E+00	  0.0000E+00	  0.0000E+00	  0.0000E+00	  0.0000E+00	  0.0000E+00	  0.0000E+00	  0.0000E+00	  0.0000E+00	  0.0000E+00	  0.0000E+00	  0.0000E+00	  0.0000E+00	  0.0000E+00	  0.0000E+00	  0.0000E+00	  0.0000E+00	  0.0000E+00	  0.0000E+00	  0.0000E+00	  0.0000E+00	  0.0000E+00	  0.0000E+00	  0.0000E+00	  0.0000E+00	  0.0000E+00	  0.0000E+00	  4.3258E-01	  4.5011E+00	  1.3209E+01	  2.0355E+01	  3.8381E+01	  7.1021E+01	  1.0906E+02	  1.5325E+02	  1.7914E+02	  1.8527E+02	  1.7986E+02	  1.7978E+02	  1.8433E+02	  1.6867E+02	  1.6799E+02	  1.6546E+02	  1.4932E+02	  1.0368E+02	  7.6068E+01	  3.1021E+01	  2.8632E+00	  0.0000E+00	  0.0000E+00	  0.0000E+00	  0.0000E+00	  0.0000E+00	  0.0000E+00	  0.0000E+00	  0.0000E+00	  0.0000E+00	  0.0000E+00	  0.0000E+00	  0.0000E+00	  0.0000E+00	  0.0000E+00	  0.0000E+00	  0.0000E+00	  0.0000E+00	  0.0000E+00	  0.0000E+00	  0.0000E+00	  0.0000E+00	  0.0000E+00	  0.0000E+00	  0.0000E+00	  0.0000E+00	  0.0000E+00	  0.0000E+00	  0.0000E+00	  0.0000E+00	  0.0000E+00	  0.0000E+00
  0.0000E+00	  0.0000E+00	  0.0000E+00	  0.0000E+00	  0.0000E+00	  0.0000E+00	  0.0000E+00	  0.0000E+00	  0.0000E+00	  0.0000E+00	  0.0000E+00	  0.0000E+00	  0.0000E+00	  0.0000E+00	  0.0000E+00	  0.0000E+00	  0.0000E+00	  0.0000E+00	  0.0000E+00	  0.0000E+00	  0.0000E+00	  0.0000E+00	  0.0000E+00	  0.0000E+00	  0.0000E+00	  0.0000E+00	  0.0000E+00	  8.4938E-03	  5.6499E-01	  3.7297E+00	  8.9591E+00	  2.0600E+01	  3.6775E+01	  5.8236E+01	  1.0033E+02	  1.5411E+02	  1.8279E+02	  1.9058E+02	  1.7983E+02	  1.7820E+02	  1.6812E+02	  1.7058E+02	  1.7586E+02	  1.6426E+02	  1.5515E+02	  1.2680E+02	  9.0067E+01	  3.5821E+01	  4.4746E+00	  0.0000E+00	  0.0000E+00	  0.0000E+00	  0.0000E+00	  0.0000E+00	  0.0000E+00	  0.0000E+00	  0.0000E+00	  0.0000E+00	  0.0000E+00	  0.0000E+00	  0.0000E+00	  0.0000E+00	  0.0000E+00	  0.0000E+00	  0.0000E+00	  0.0000E+00	  0.0000E+00	  0.0000E+00	  0.0000E+00	  0.0000E+00	  0.0000E+00	  0.0000E+00	  0.0000E+00	  0.0000E+00	  0.0000E+00	  0.0000E+00	  0.0000E+00	  0.0000E+00	  0.0000E+00	  0.0000E+00
  0.0000E+00	  0.0000E+00	  0.0000E+00	  0.0000E+00	  0.0000E+00	  0.0000E+00	  0.0000E+00	  0.0000E+00	  0.0000E+00	  0.0000E+00	  0.0000E+00	  0.0000E+00	  0.0000E+00	  0.0000E+00	  0.0000E+00	  0.0000E+00	  0.0000E+00	  0.0000E+00	  0.0000E+00	  0.0000E+00	  0.0000E+00	  0.0000E+00	  0.0000E+00	  0.0000E+00	  0.0000E+00	  0.0000E+00	  0.0000E+00	  6.0234E-02	  6.5445E-01	  1.9796E+00	  5.9258E+00	  2.1078E+01	  3.6323E+01	  6.1521E+01	  9.8509E+01	  1.4309E+02	  1.7226E+02	  1.7519E+02	  1.7612E+02	  1.7641E+02	  1.7249E+02	  1.7316E+02	  1.6356E+02	  1.6783E+02	  1.4676E+02	  1.1638E+02	  8.2430E+01	  3.7694E+01	  6.1816E+00	  0.0000E+00	  0.0000E+00	  0.0000E+00	  0.0000E+00	  0.0000E+00	  0.0000E+00	  0.0000E+00	  0.0000E+00	  0.0000E+00	  0.0000E+00	  0.0000E+00	  0.0000E+00	  0.0000E+00	  0.0000E+00	  0.0000E+00	  0.0000E+00	  0.0000E+00	  0.0000E+00	  0.0000E+00	  0.0000E+00	  0.0000E+00	  0.0000E+00	  0.0000E+00	  0.0000E+00	  0.0000E+00	  0.0000E+00	  0.0000E+00	  0.0000E+00	  0.0000E+00	  0.0000E+00	  0.0000E+00
  0.0000E+00	  0.0000E+00	  0.0000E+00	  0.0000E+00	  0.0000E+00	  0.0000E+00	  0.0000E+00	  0.0000E+00	  0.0000E+00	  0.0000E+00	  0.0000E+00	  0.0000E+00	  0.0000E+00	  0.0000E+00	  0.0000E+00	  0.0000E+00	  0.0000E+00	  0.0000E+00	  0.0000E+00	  0.0000E+00	  0.0000E+00	  0.0000E+00	  0.0000E+00	  0.0000E+00	  0.0000E+00	  0.0000E+00	  0.0000E+00	  0.0000E+00	  3.7298E-01	  2.7866E+00	  5.1710E+00	  1.3044E+01	  2.8772E+01	  5.0527E+01	  9.2789E+01	  1.3330E+02	  1.6165E+02	  1.7176E+02	  1.7154E+02	  1.7518E+02	  1.8366E+02	  1.6664E+02	  1.5901E+02	  1.6853E+02	  1.4753E+02	  1.2432E+02	  1.0362E+02	  5.1252E+01	  8.9265E+00	  6.9483E-02	  0.0000E+00	  0.0000E+00	  0.0000E+00	  0.0000E+00	  0.0000E+00	  0.0000E+00	  0.0000E+00	  0.0000E+00	  0.0000E+00	  0.0000E+00	  0.0000E+00	  0.0000E+00	  0.0000E+00	  0.0000E+00	  0.0000E+00	  0.0000E+00	  0.0000E+00	  0.0000E+00	  0.0000E+00	  0.0000E+00	  0.0000E+00	  0.0000E+00	  0.0000E+00	  0.0000E+00	  0.0000E+00	  0.0000E+00	  0.0000E+00	  0.0000E+00	  0.0000E+00	  0.0000E+00
  0.0000E+00	  0.0000E+00	  0.0000E+00	  0.0000E+00	  0.0000E+00	  0.0000E+00	  0.0000E+00	  0.0000E+00	  0.0000E+00	  0.0000E+00	  0.0000E+00	  0.0000E+00	  0.0000E+00	  0.0000E+00	  0.0000E+00	  0.0000E+00	  0.0000E+00	  0.0000E+00	  0.0000E+00	  0.0000E+00	  0.0000E+00	  0.0000E+00	  0.0000E+00	  0.0000E+00	  0.0000E+00	  0.0000E+00	  0.0000E+00	  0.0000E+00	  2.7445E-01	  2.2332E+00	  5.9909E+00	  1.2677E+01	  2.6016E+01	  4.8381E+01	  8.6565E+01	  1.2631E+02	  1.6738E+02	  1.7155E+02	  1.7913E+02	  1.7061E+02	  1.7940E+02	  1.7500E+02	  1.7131E+02	  1.5634E+02	  1.3770E+02	  1.2418E+02	  9.8701E+01	  5.6376E+01	  1.1543E+01	  2.5639E-01	  0.0000E+00	  0.0000E+00	  0.0000E+00	  0.0000E+00	  0.0000E+00	  0.0000E+00	  0.0000E+00	  0.0000E+00	  0.0000E+00	  0.0000E+00	  0.0000E+00	  0.0000E+00	  0.0000E+00	  0.0000E+00	  0.0000E+00	  0.0000E+00	  0.0000E+00	  0.0000E+00	  0.0000E+00	  0.0000E+00	  0.0000E+00	  0.0000E+00	  0.0000E+00	  0.0000E+00	  0.0000E+00	  0.0000E+00	  0.0000E+00	  0.0000E+00	  0.0000E+00	  0.0000E+00
  0.0000E+00	  0.0000E+00	  0.0000E+00	  0.0000E+00	  0.0000E+00	  0.0000E+00	  0.0000E+00	  0.0000E+00	  0.0000E+00	  0.0000E+00	  0.0000E+00	  0.0000E+00	  0.0000E+00	  0.0000E+00	  0.0000E+00	  0.0000E+00	  0.0000E+00	  0.0000E+00	  0.0000E+00	  0.0000E+00	  0.0000E+00	  0.0000E+00	  0.0000E+00	  0.0000E+00	  0.0000E+00	  0.0000E+00	  0.0000E+00	  0.0000E+00	  1.0313E+00	  2.0989E+00	  4.5885E+00	  1.2472E+01	  2.4080E+01	  4.5375E+01	  8.0199E+01	  1.2112E+02	  1.7069E+02	  1.6767E+02	  1.7549E+02	  1.8078E+02	  1.7465E+02	  1.7207E+02	  1.6104E+02	  1.7049E+02	  1.5292E+02	  1.2463E+02	  1.0593E+02	  6.7557E+01	  2.0347E+01	  8.4742E-01	  0.0000E+00	  0.0000E+00	  0.0000E+00	  0.0000E+00	  0.0000E+00	  0.0000E+00	  0.0000E+00	  0.0000E+00	  0.0000E+00	  0.0000E+00	  0.0000E+00	  0.0000E+00	  0.0000E+00	  0.0000E+00	  0.0000E+00	  0.0000E+00	  0.0000E+00	  0.0000E+00	  0.0000E+00	  0.0000E+00	  0.0000E+00	  0.0000E+00	  0.0000E+00	  0.0000E+00	  0.0000E+00	  0.0000E+00	  0.0000E+00	  0.0000E+00	  0.0000E+00	  0.0000E+00
  0.0000E+00	  0.0000E+00	  0.0000E+00	  0.0000E+00	  0.0000E+00	  0.0000E+00	  0.0000E+00	  0.0000E+00	  0.0000E+00	  0.0000E+00	  0.0000E+00	  0.0000E+00	  0.0000E+00	  0.0000E+00	  0.0000E+00	  0.0000E+00	  0.0000E+00	  0.0000E+00	  0.0000E+00	  0.0000E+00	  0.0000E+00	  0.0000E+00	  0.0000E+00	  0.0000E+00	  0.0000E+00	  0.0000E+00	  0.0000E+00	  0.0000E+00	  2.8855E-01	  9.5698E-01	  4.3974E+00	  7.6787E+00	  2.3186E+01	  5.1850E+01	  8.0394E+01	  1.1615E+02	  1.5905E+02	  1.7450E+02	  1.7004E+02	  1.7092E+02	  1.7433E+02	  1.7941E+02	  1.7798E+02	  1.7054E+02	  1.6263E+02	  1.3348E+02	  1.1019E+02	  7.5441E+01	  2.3113E+01	  1.3744E+00	  0.0000E+00	  0.0000E+00	  0.0000E+00	  0.0000E+00	  0.0000E+00	  0.0000E+00	  0.0000E+00	  0.0000E+00	  0.0000E+00	  0.0000E+00	  0.0000E+00	  0.0000E+00	  0.0000E+00	  0.0000E+00	  0.0000E+00	  0.0000E+00	  0.0000E+00	  0.0000E+00	  0.0000E+00	  0.0000E+00	  0.0000E+00	  0.0000E+00	  0.0000E+00	  0.0000E+00	  0.0000E+00	  0.0000E+00	  0.0000E+00	  0.0000E+00	  0.0000E+00	  0.0000E+00
  0.0000E+00	  0.0000E+00	  0.0000E+00	  0.0000E+00	  0.0000E+00	  0.0000E+00	  0.0000E+00	  0.0000E+00	  0.0000E+00	  0.0000E+00	  0.0000E+00	  0.0000E+00	  0.0000E+00	  0.0000E+00	  0.0000E+00	  0.0000E+00	  0.0000E+00	  0.0000E+00	  0.0000E+00	  0.0000E+00	  0.0000E+00	  0.0000E+00	  0.0000E+00	  0.0000E+00	  0.0000E+00	  0.0000E+00	  0.0000E+00	  0.0000E+00	  3.6029E-02	  6.3079E-01	  3.9789E+00	  8.6942E+00	  2.3948E+01	  4.0015E+01	  7.0944E+01	  1.1610E+02	  1.5716E+02	  1.8152E+02	  1.7148E+02	  1.6924E+02	  1.6183E+02	  1.6826E+02	  1.7412E+02	  1.6113E+02	  1.5729E+02	  1.5229E+02	  1.1645E+02	  8.3678E+01	  3.0960E+01	  1.7866E+00	  0.0000E+00	  0.0000E+00	  0.0000E+00	  0.0000E+00	  0.0000E+00	  0.0000E+00	  0.0000E+00	  0.0000E+00	  0.0000E+00	  0.0000E+00	  0.0000E+00	  0.0000E+00	  0.0000E+00	  0.0000E+00	  0.0000E+00	  0.0000E+00	  0.0000E+00	  0.0000E+00	  0.0000E+00	  0.0000E+00	  0.0000E+00	  0.0000E+00	  0.0000E+00	  0.0000E+00	  0.0000E+00	  0.0000E+00	  0.0000E+00	  0.0000E+00	  0.0000E+00	  0.0000E+00
  0.0000E+00	  0.0000E+00	  0.0000E+00	  0.0000E+00	  0.0000E+00	  0.0000E+00	  0.0000E+00	  0.0000E+00	  0.0000E+00	  0.0000E+00	  0.0000E+00	  0.0000E+00	  0.0000E+00	  0.0000E+00	  0.0000E+00	  0.0000E+00	  0.0000E+00	  0.0000E+00	  0.0000E+00	  0.0000E+00	  0.0000E+00	  0.0000E+00	  0.0000E+00	  0.0000E+00	  0.0000E+00	  0.0000E+00	  0.0000E+00	  0.0000E+00	  1.3272E-01	  3.7078E-01	  3.3611E+00	  8.9979E+00	  2.3990E+01	  4.1782E+01	  6.0467E+01	  1.0289E+02	  1.4645E+02	  1.5784E+02	  1.6510E+02	  1.7250E+02	  1.5761E+02	  1.6899E+02	  1.7212E+02	  1.6932E+02	  1.4861E+02	  1.4448E+02	  1.1528E+02	  7.9604E+01	  3.5615E+01	  3.1688E+00	  0.0000E+00	  0.0000E+00	  0.0000E+00	  0.0000E+00	  0.0000E+00	  0.0000E+00	  0.0000E+00	  0.0000E+00	  0.0000E+00	  0.0000E+00	  0.0000E+00	  0.0000E+00	  0.0000E+00	  0.0000E+00	  0.0000E+00	  0.0000E+00	  0.0000E+00	  0.0000E+00	  0.0000E+00	  0.0000E+00	  0.0000E+00	  0.0000E+00	  0.0000E+00	  0.0000E+00	  0.0000E+00	  0.0000E+00	  0.0000E+00	  0.0000E+00	  0.0000E+00	  0.0000E+00
  0.0000E+00	  0.0000E+00	  0.0000E+00	  0.0000E+00	  0.0000E+00	  0.0000E+00	  0.0000E+00	  0.0000E+00	  0.0000E+00	  0.0000E+00	  0.0000E+00	  0.0000E+00	  0.0000E+00	  0.0000E+00	  0.0000E+00	  0.0000E+00	  0.0000E+00	  0.0000E+00	  0.0000E+00	  0.0000E+00	  0.0000E+00	  0.0000E+00	  0.0000E+00	  0.0000E+00	  0.0000E+00	  0.0000E+00	  0.0000E+00	  0.0000E+00	  1.8462E-02	  6.1176E-01	  1.9775E+00	  6.4281E+00	  1.9599E+01	  3.5610E+01	  6.0628E+01	  9.5647E+01	  1.4530E+02	  1.6431E+02	  1.7164E+02	  1.8471E+02	  1.7690E+02	  1.7297E+02	  1.8150E+02	  1.7258E+02	  1.4957E+02	  1.3573E+02	  1.1860E+02	  8.3902E+01	  4.3446E+01	  5.1467E+00	  8.2392E-03	  0.0000E+00	  0.0000E+00	  0.0000E+00	  0.0000E+00	  0.0000E+00	  0.0000E+00	  0.0000E+00	  0.0000E+00	  0.0000E+00	  0.0000E+00	  0.0000E+00	  0.0000E+00	  0.0000E+00	  0.0000E+00	  0.0000E+00	  0.0000E+00	  0.0000E+00	  0.0000E+00	  0.0000E+00	  0.0000E+00	  0.0000E+00	  0.0000E+00	  0.0000E+00	  0.0000E+00	  0.0000E+00	  0.0000E+00	  0.0000E+00	  0.0000E+00	  0.0000E+00
  0.0000E+00	  0.0000E+00	  0.0000E+00	  0.0000E+00	  0.0000E+00	  0.0000E+00	  0.0000E+00	  0.0000E+00	  0.0000E+00	  0.0000E+00	  0.0000E+00	  0.0000E+00	  0.0000E+00	  0.0000E+00	  0.0000E+00	  0.0000E+00	  0.0000E+00	  0.0000E+00	  0.0000E+00	  0.0000E+00	  0.0000E+00	  0.0000E+00	  0.0000E+00	  0.0000E+00	  0.0000E+00	  0.0000E+00	  0.0000E+00	  0.0000E+00	  5.9513E-03	  7.6049E-01	  3.3257E+00	  7.6535E+00	  1.8166E+01	  3.5481E+01	  5.7587E+01	  9.0705E+01	  1.4356E+02	  1.7967E+02	  1.8431E+02	  1.7701E+02	  1.7974E+02	  1.7002E+02	  1.7401E+02	  1.6752E+02	  1.6984E+02	  1.4784E+02	  1.1364E+02	  9.6486E+01	  4.2631E+01	  8.0330E+00	  1.6942E-01	  0.0000E+00	  0.0000E+00	  0.0000E+00	  0.0000E+00	  0.0000E+00	  0.0000E+00	  0.0000E+00	  0.0000E+00	  0.0000E+00	  0.0000E+00	  0.0000E+00	  0.0000E+00	  0.0000E+00	  0.0000E+00	  0.0000E+00	  0.0000E+00	  0.0000E+00	  0.0000E+00	  0.0000E+00	  0.0000E+00	  0.0000E+00	  0.0000E+00	  0.0000E+00	  0.0000E+00	  0.0000E+00	  0.0000E+00	  0.0000E+00	  0.0000E+00	  0.0000E+00
  0.0000E+00	  0.0000E+00	  0.0000E+00	  0.0000E+00	  0.0000E+00	  0.0000E+00	  0.0000E+00	  0.0000E+00	  0.0000E+00	  0.0000E+00	  0.0000E+00	  0.0000E+00	  0.0000E+00	  0.0000E+00	  0.0000E+00	  0.0000E+00	  0.0000E+00	  0.0000E+00	  0.0000E+00	  0.0000E+00	  0.0000E+00	  0.0000E+00	  0.0000E+00	  0.0000E+00	  0.0000E+00	  0.0000E+00	  0.0000E+00	  0.0000E+00	  1.9984E-02	  5.4774E-01	  1.8881E+00	  6.0931E+00	  1.4736E+01	  3.1143E+01	  4.9177E+01	  9.1304E+01	  1.2786E+02	  1.7395E+02	  1.6812E+02	  1.7102E+02	  1.8778E+02	  1.7662E+02	  1.7112E+02	  1.7021E+02	  1.6642E+02	  1.5554E+02	  1.2482E+02	  9.3128E+01	  5.3851E+01	  1.1454E+01	  1.5608E-01	  0.0000E+00	  0.0000E+00	  0.0000E+00	  0.0000E+00	  0.0000E+00	  0.0000E+00	  0.0000E+00	  0.0000E+00	  0.0000E+00	  0.0000E+00	  0.0000E+00	  0.0000E+00	  0.0000E+00	  0.0000E+00	  0.0000E+00	  0.0000E+00	  0.0000E+00	  0.0000E+00	  0.0000E+00	  0.0000E+00	  0.0000E+00	  0.0000E+00	  0.0000E+00	  0.0000E+00	  0.0000E+00	  0.0000E+00	  0.0000E+00	  0.0000E+00	  0.0000E+00
  0.0000E+00	  0.0000E+00	  0.0000E+00	  0.0000E+00	  0.0000E+00	  0.0000E+00	  0.0000E+00	  0.0000E+00	  0.0000E+00	  0.0000E+00	  0.0000E+00	  0.0000E+00	  0.0000E+00	  0.0000E+00	  0.0000E+00	  0.0000E+00	  0.0000E+00	  0.0000E+00	  0.0000E+00	  0.0000E+00	  0.0000E+00	  0.0000E+00	  0.0000E+00	  0.0000E+00	  0.0000E+00	  0.0000E+00	  0.0000E+00	  0.0000E+00	  0.0000E+00	  2.3793E-01	  1.7719E+00	  6.5808E+00	  1.3033E+01	  2.7214E+01	  4.5108E+01	  7.8212E+01	  1.2291E+02	  1.6660E+02	  1.7298E+02	  1.7624E+02	  1.7937E+02	  1.7629E+02	  1.7543E+02	  1.8139E+02	  1.6873E+02	  1.4908E+02	  1.3603E+02	  8.9907E+01	  6.1273E+01	  1.5201E+01	  4.3577E-01	  0.0000E+00	  0.0000E+00	  0.0000E+00	  0.0000E+00	  0.0000E+00	  0.0000E+00	  0.0000E+00	  0.0000E+00	  0.0000E+00	  0.0000E+00	  0.0000E+00	  0.0000E+00	  0.0000E+00	  0.0000E+00	  0.0000E+00	  0.0000E+00	  0.0000E+00	  0.0000E+00	  0.0000E+00	  0.0000E+00	  0.0000E+00	  0.0000E+00	  0.0000E+00	  0.0000E+00	  0.0000E+00	  0.0000E+00	  0.0000E+00	  0.0000E+00	  0.0000E+00
  0.0000E+00	  0.0000E+00	  0.0000E+00	  0.0000E+00	  0.0000E+00	  0.0000E+00	  0.0000E+00	  0.0000E+00	  0.0000E+00	  0.0000E+00	  0.0000E+00	  0.0000E+00	  0.0000E+00	  0.0000E+00	  0.0000E+00	  0.0000E+00	  0.0000E+00	  0.0000E+00	  0.0000E+00	  0.0000E+00	  0.0000E+00	  0.0000E+00	  0.0000E+00	  0.0000E+00	  0.0000E+00	  0.0000E+00	  0.0000E+00	  0.0000E+00	  0.0000E+00	  2.9022E-01	  1.0971E+00	  6.2726E+00	  1.2003E+01	  2.6807E+01	  5.1792E+01	  7.6117E+01	  1.2421E+02	  1.6370E+02	  1.6877E+02	  1.6389E+02	  1.6795E+02	  1.6911E+02	  1.6887E+02	  1.7445E+02	  1.6613E+02	  1.5333E+02	  1.4214E+02	  1.0515E+02	  6.3378E+01	  1.8508E+01	  9.3664E-01	  0.0000E+00	  0.0000E+00	  0.0000E+00	  0.0000E+00	  0.0000E+00	  0.0000E+00	  0.0000E+00	  0.0000E+00	  0.0000E+00	  0.0000E+00	  0.0000E+00	  0.0000E+00	  0.0000E+00	  0.0000E+00	  0.0000E+00	  0.0000E+00	  0.0000E+00	  0.0000E+00	  0.0000E+00	  0.0000E+00	  0.0000E+00	  0.0000E+00	  0.0000E+00	  0.0000E+00	  0.0000E+00	  0.0000E+00	  0.0000E+00	  0.0000E+00	  0.0000E+00
  0.0000E+00	  0.0000E+00	  0.0000E+00	  0.0000E+00	  0.0000E+00	  0.0000E+00	  0.0000E+00	  0.0000E+00	  0.0000E+00	  0.0000E+00	  0.0000E+00	  0.0000E+00	  0.0000E+00	  0.0000E+00	  0.0000E+00	  0.0000E+00	  0.0000E+00	  0.0000E+00	  0.0000E+00	  0.0000E+00	  0.0000E+00	  0.0000E+00	  0.0000E+00	  0.0000E+00	  0.0000E+00	  0.0000E+00	  0.0000E+00	  0.0000E+00	  0.0000E+00	  0.0000E+00	  1.1606E+00	  4.6721E+00	  1.2401E+01	  2.3320E+01	  4.3546E+01	  6.8998E+01	  1.1855E+02	  1.6241E+02	  1.6723E+02	  1.7200E+02	  1.7065E+02	  1.7515E+02	  1.7786E+02	  1.6986E+02	  1.7486E+02	  1.5908E+02	  1.4182E+02	  1.0683E+02	  6.8627E+01	  3.0236E+01	  3.4543E+00	  0.0000E+00	  0.0000E+00	  0.0000E+00	  0.0000E+00	  0.0000E+00	  0.0000E+00	  0.0000E+00	  0.0000E+00	  0.0000E+00	  0.0000E+00	  0.0000E+00	  0.0000E+00	  0.0000E+00	  0.0000E+00	  0.0000E+00	  0.0000E+00	  0.0000E+00	  0.0000E+00	  0.0000E+00	  0.0000E+00	  0.0000E+00	  0.0000E+00	  0.0000E+00	  0.0000E+00	  0.0000E+00	  0.0000E+00	  0.0000E+00	  0.0000E+00	  0.0000E+00
  0.0000E+00	  0.0000E+00	  0.0000E+00	  0.0000E+00	  0.0000E+00	  0.0000E+00	  0.0000E+00	  0.0000E+00	  0.0000E+00	  0.0000E+00	  0.0000E+00	  0.0000E+00	  0.0000E+00	  0.0000E+00	  0.0000E+00	  0.0000E+00	  0.0000E+00	  0.0000E+00	  0.0000E+00	  0.0000E+00	  0.0000E+00	  0.0000E+00	  0.0000E+00	  0.0000E+00	  0.0000E+00	  0.0000E+00	  0.0000E+00	  0.0000E+00	  0.0000E+00	  0.0000E+00	  4.8135E-01	  4.9688E+00	  9.9898E+00	  1.8487E+01	  3.5301E+01	  6.4807E+01	  1.1337E+02	  1.5276E+02	  1.7681E+02	  1.7308E+02	  1.7179E+02	  1.7519E+02	  1.6816E+02	  1.6576E+02	  1.8611E+02	  1.6218E+02	  1.3364E+02	  1.0173E+02	  7.7791E+01	  3.2146E+01	  3.0782E+00	  0.0000E+00	  0.0000E+00	  0.0000E+00	  0.0000E+00	  0.0000E+00	  0.0000E+00	  0.0000E+00	  0.0000E+00	  0.0000E+00	  0.0000E+00	  0.0000E+00	  0.0000E+00	  0.0000E+00	  0.0000E+00	  0.0000E+00	  0.0000E+00	  0.0000E+00	  0.0000E+00	  0.0000E+00	  0.0000E+00	  0.0000E+00	  0.0000E+00	  0.0000E+00	  0.0000E+00	  0.0000E+00	  0.0000E+00	  0.0000E+00	  0.0000E+00	  0.0000E+00
  0.0000E+00	  0.0000E+00	  0.0000E+00	  0.0000E+00	  0.0000E+00	  0.0000E+00	  0.0000E+00	  0.0000E+00	  0.0000E+00	  0.0000E+00	  0.0000E+00	  0.0000E+00	  0.0000E+00	  0.0000E+00	  0.0000E+00	  0.0000E+00	  0.0000E+00	  0.0000E+00	  0.0000E+00	  0.0000E+00	  0.0000E+00	  0.0000E+00	  0.0000E+00	  0.0000E+00	  0.0000E+00	  0.0000E+00	  0.0000E+00	  0.0000E+00	  0.0000E+00	  0.0000E+00	  3.2260E-01	  2.7307E+00	  7.6862E+00	  1.7198E+01	  3.0712E+01	  6.7287E+01	  1.0244E+02	  1.4269E+02	  1.7506E+02	  1.6824E+02	  1.7886E+02	  1.6593E+02	  1.6075E+02	  1.7320E+02	  1.7164E+02	  1.6139E+02	  1.3704E+02	  1.2735E+02	  8.3871E+01	  4.3830E+01	  5.0267E+00	  9.8138E-03	  0.0000E+00	  0.0000E+00	  0.0000E+00	  0.0000E+00	  0.0000E+00	  0.0000E+00	  0.0000E+00	  0.0000E+00	  0.0000E+00	  0.0000E+00	  0.0000E+00	  0.0000E+00	  0.0000E+00	  0.0000E+00	  0.0000E+00	  0.0000E+00	  0.0000E+00	  0.0000E+00	  0.0000E+00	  0.0000E+00	  0.0000E+00	  0.0000E+00	  0.0000E+00	  0.0000E+00	  0.0000E+00	  0.0000E+00	  0.0000E+00	  0.0000E+00
  0.0000E+00	  0.0000E+00	  0.0000E+00	  0.0000E+00	  0.0000E+00	  0.0000E+00	  0.0000E+00	  0.0000E+00	  0.0000E+00	  0.0000E+00	  0.0000E+00	  0.0000E+00	  0.0000E+00	  0.0000E+00	  0.0000E+00	  0.0000E+00	  0.0000E+00	  0.0000E+00	  0.0000E+00	  0.0000E+00	  0.0000E+00	  0.0000E+00	  0.0000E+00	  0.0000E+00	  0.0000E+00	  0.0000E+00	  0.0000E+00	  0.0000E+00	  0.0000E+00	  0.0000E+00	  3.7424E-01	  2.6238E+00	  7.1445E+00	  1.5722E+01	  3.2400E+01	  5.9185E+01	  9.6037E+01	  1.3983E+02	  1.6482E+02	  1.7250E+02	  1.7953E+02	  1.7987E+02	  1.8365E+02	  1.7300E+02	  1.7345E+02	  1.5848E+02	  1.4792E+02	  1.2441E+02	  8.8902E+01	  4.1193E+01	  6.5219E+00	  9.0334E-02	  0.0000E+00	  0.0000E+00	  0.0000E+00	  0.0000E+00	  0.0000E+00	  0.0000E+00	  0.0000E+00	  0.0000E+00	  0.0000E+00	  0.0000E+00	  0.0000E+00	  0.0000E+00	  0.0000E+00	  0.0000E+00	  0.0000E+00	  0.0000E+00	  0.0000E+00	  0.0000E+00	  0.0000E+00	  0.0000E+00	  0.0000E+00	  0.0000E+00	  0.0000E+00	  0.0000E+00	  0.0000E+00	  0.0000E+00	  0.0000E+00	  0.0000E+00
  0.0000E+00	  0.0000E+00	  0.0000E+00	  0.0000E+00	  0.0000E+00	  0.0000E+00	  0.0000E+00	  0.0000E+00	  0.0000E+00	  0.0000E+00	  0.0000E+00	  0.0000E+00	  0.0000E+00	  0.0000E+00	  0.0000E+00	  0.0000E+00	  0.0000E+00	  0.0000E+00	  0.0000E+00	  0.0000E+00	  0.0000E+00	  0.0000E+00	  0.0000E+00	  0.0000E+00	  0.0000E+00	  0.0000E+00	  0.0000E+00	  0.0000E+00	  0.0000E+00	  0.0000E+00	  8.7282E-02	  1.2333E+00	  4.2871E+00	  1.3203E+01	  2.8826E+01	  5.9029E+01	  9.2465E+01	  1.3667E+02	  1.6823E+02	  1.7024E+02	  1.6985E+02	  1.6979E+02	  1.8761E+02	  1.7755E+02	  1.7728E+02	  1.7707E+02	  1.4772E+02	  1.2184E+02	  8.9914E+01	  5.1252E+01	  1.1810E+01	  1.3627E-01	  0.0000E+00	  0.0000E+00	  0.0000E+00	  0.0000E+00	  0.0000E+00	  0.0000E+00	  0.0000E+00	  0.0000E+00	  0.0000E+00	  0.0000E+00	  0.0000E+00	  0.0000E+00	  0.0000E+00	  0.0000E+00	  0.0000E+00	  0.0000E+00	  0.0000E+00	  0.0000E+00	  0.0000E+00	  0.0000E+00	  0.0000E+00	  0.0000E+00	  0.0000E+00	  0.0000E+00	  0.0000E+00	  0.0000E+00	  0.0000E+00	  0.0000E+00
  0.0000E+00	  0.0000E+00	  0.0000E+00	  0.0000E+00	  0.0000E+00	  0.0000E+00	  0.0000E+00	  0.0000E+00	  0.0000E+00	  0.0000E+00	  0.0000E+00	  0.0000E+00	  0.0000E+00	  0.0000E+00	  0.0000E+00	  0.0000E+00	  0.0000E+00	  0.0000E+00	  0.0000E+00	  0.0000E+00	  0.0000E+00	  0.0000E+00	  0.0000E+00	  0.0000E+00	  0.0000E+00	  0.0000E+00	  0.0000E+00	  0.0000E+00	  0.0000E+00	  0.0000E+00	  8.5318E-02	  2.6645E+00	  8.4332E+00	  1.2692E+01	  2.6769E+01	  5.3193E+01	  8.2623E+01	  1.2414E+02	  1.6318E+02	  1.7901E+02	  1.7880E+02	  1.7186E+02	  1.7768E+02	  1.7490E+02	  1.7220E+02	  1.7231E+02	  1.4499E+02	  1.2786E+02	  9.7833E+01	  5.6234E+01	  1.3443E+01	  7.1407E-01	  0.0000E+00	  0.0000E+00	  0.0000E+00	  0.0000E+00	  0.0000E+00	  0.0000E+00	  0.0000E+00	  0.0000E+00	  0.0000E+00	  0.0000E+00	  0.0000E+00	  0.0000E+00	  0.0000E+00	  0.0000E+00	  0.0000E+00	  0.0000E+00	  0.0000E+00	  0.0000E+00	  0.0000E+00	  0.0000E+00	  0.0000E+00	  0.0000E+00	  0.0000E+00	  0.0000E+00	  0.0000E+00	  0.0000E+00	  0.0000E+00	  0.0000E+00
  0.0000E+00	  0.0000E+00	  0.0000E+00	  0.0000E+00	  0.0000E+00	  0.0000E+00	  0.0000E+00	  0.0000E+00	  0.0000E+00	  0.0000E+00	  0.0000E+00	  0.0000E+00	  0.0000E+00	  0.0000E+00	  0.0000E+00	  0.0000E+00	  0.0000E+00	  0.0000E+00	  0.0000E+00	  0.0000E+00	  0.0000E+00	  0.0000E+00	  0.0000E+00	  0.0000E+00	  0.0000E+00	  0.0000E+00	  0.0000E+00	  0.0000E+00	  0.0000E+00	  0.0000E+00	  1.9598E-01	  9.8868E-01	  5.8490E+00	  1.1157E+01	  2.4268E+01	  5.0720E+01	  8.5600E+01	  1.2609E+02	  1.5243E+02	  1.7494E+02	  1.7816E+02	  1.7039E+02	  1.7578E+02	  1.6688E+02	  1.7852E+02	  1.6524E+02	  1.5159E+02	  1.3119E+02	  9.8214E+01	  5.9154E+01	  1.6835E+01	  6.5339E-01	  0.0000E+00	  0.0000E+00	  0.0000E+00	  0.0000E+00	  0.0000E+00	  0.0000E+00	  0.0000E+00	  0.0000E+00	  0.0000E+00	  0.0000E+00	  0.0000E+00	  0.0000E+00	  0.0000E+00	  0.0000E+00	  0.0000E+00	  0.0000E+00	  0.0000E+00	  0.0000E+00	  0.0000E+00	  0.0000E+00	  0.0000E+00	  0.0000E+00	  0.0000E+00	  0.0000E+00	  0.0000E+00	  0.0000E+00	  0.0000E+00	  0.0000E+00
  0.0000E+00	  0.0000E+00	  0.0000E+00	  0.0000E+00	  0.0000E+00	  0.0000E+00	  0.0000E+00	  0.0000E+00	  0.0000E+00	  0.0000E+00	  0.0000E+00	  0.0000E+00	  0.0000E+00	  0.0000E+00	  0.0000E+00	  0.0000E+00	  0.0000E+00	  0.0000E+00	  0.0000E+00	  0.0000E+00	  0.0000E+00	  0.0000E+00	  0.0000E+00	  0.0000E+00	  0.0000E+00	  0.0000E+00	  0.0000E+00	  0.0000E+00	  0.0000E+00	  0.0000E+00	  2.0342E-02	  7.7436E-01	  5.4744E+00	  1.0594E+01	  2.2674E+01	  4.6038E+01	  8.0992E+01	  1.1107E+02	  1.5749E+02	  1.7234E+02	  1.7876E+02	  1.7361E+02	  1.7081E+02	  1.7365E+02	  1.8138E+02	  1.6468E+02	  1.6155E+02	  1.3583E+02	  1.0289E+02	  6.2582E+01	  2.2097E+01	  1.5988E+00	  0.0000E+00	  0.0000E+00	  0.0000E+00	  0.0000E+00	  0.0000E+00	  0.0000E+00	  0.0000E+00	  0.0000E+00	  0.0000E+00	  0.0000E+00	  0.0000E+00	  0.0000E+00	  0.0000E+00	  0.0000E+00	  0.0000E+00	  0.0000E+00	  0.0000E+00	  0.0000E+00	  0.0000E+00	  0.0000E+00	  0.0000E+00	  0.0000E+00	  0.0000E+00	  0.0000E+00	  0.0000E+00	  0.0000E+00	  0.0000E+00	  0.0000E+00
  0.0000E+00	  0.0000E+00	  0.0000E+00	  0.0000E+00	  0.0000E+00	  0.0000E+00	  0.0000E+00	  0.0000E+00	  0.0000E+00	  0.0000E+00	  0.0000E+00	  0.0000E+00	  0.0000E+00	  0.0000E+00	  0.0000E+00	  0.0000E+00	  0.0000E+00	  0.0000E+00	  0.0000E+00	  0.0000E+00	  0.0000E+00	  0.0000E+00	  0.0000E+00	  0.0000E+00	  0.0000E+00	  0.0000E+00	  0.0000E+00	  0.0000E+00	  0.0000E+00	  0.0000E+00	  0.0000E+00	  4.8100E-01	  4.7833E+00	  9.2007E+00	  2.0717E+01	  4.0359E+01	  7.4313E+01	  1.1545E+02	  1.6704E+02	  1.7320E+02	  1.7850E+02	  1.8541E+02	  1.6039E+02	  1.7231E+02	  1.7491E+02	  1.7500E+02	  1.5642E+02	  1.3879E+02	  1.0882E+02	  7.3773E+01	  2.8759E+01	  2.9164E+00	  0.0000E+00	  0.0000E+00	  0.0000E+00	  0.0000E+00	  0.0000E+00	  0.0000E+00	  0.0000E+00	  0.0000E+00	  0.0000E+00	  0.0000E+00	  0.0000E+00	  0.0000E+00	  0.0000E+00	  0.0000E+00	  0.0000E+00	  0.0000E+00	  0.0000E+00	  0.0000E+00	  0.0000E+00	  0.0000E+00	  0.0000E+00	  0.0000E+00	  0.0000E+00	  0.0000E+00	  0.0000E+00	  0.0000E+00	  0.0000E+00	  0.0000E+00
  0.0000E+00	  0.0000E+00	  0.0000E+00	  0.0000E+00	  0.0000E+00	  0.0000E+00	  0.0000E+00	  0.0000E+00	  0.0000E+00	  0.0000E+00	  0.0000E+00	  0.0000E+00	  0.0000E+00	  0.0000E+00	  0.0000E+00	  0.0000E+00	  0.0000E+00	  0.0000E+00	  0.0000E+00	  0.0000E+00	  0.0000E+00	  0.0000E+00	  0.0000E+00	  0.0000E+00	  0.0000E+00	  0.0000E+00	  0.0000E+00	  0.0000E+00	  0.0000E+00	  0.0000E+00	  0.0000E+00	  3.1948E-01	  3.9138E+00	  8.2616E+00	  1.5404E+01	  3.0703E+01	  6.4256E+01	  1.0408E+02	  1.4882E+02	  1.6093E+02	  1.7683E+02	  1.7915E+02	  1.8030E+02	  1.8050E+02	  1.8080E+02	  1.7394E+02	  1.5628E+02	  1.4873E+02	  1.1445E+02	  8.0347E+01	  3.5552E+01	  4.0703E+00	  0.0000E+00	  0.0000E+00	  0.0000E+00	  0.0000E+00	  0.0000E+00	  0.0000E+00	  0.0000E+00	  0.0000E+00	  0.0000E+00	  0.0000E+00	  0.0000E+00	  0.0000E+00	  0.0000E+00	  0.0000E+00	  0.0000E+00	  0.0000E+00	  0.0000E+00	  0.0000E+00	  0.0000E+00	  0.0000E+00	  0.0000E+00	  0.0000E+00	  0.0000E+00	  0.0000E+00	  0.0000E+00	  0.0000E+00	  0.0000E+00	  0.0000E+00
  0.0000E+00	  0.0000E+00	  0.0000E+00	  0.0000E+00	  0.0000E+00	  0.0000E+00	  0.0000E+00	  0.0000E+00	  0.0000E+00	  0.0000E+00	  0.0000E+00	  0.0000E+00	  0.0000E+00	  0.0000E+00	  0.0000E+00	  0.0000E+00	  0.0000E+00	  0.0000E+00	  0.0000E+00	  0.0000E+00	  0.0000E+00	  0.0000E+00	  0.0000E+00	  0.0000E+00	  0.0000E+00	  0.0000E+00	  0.0000E+00	  0.0000E+00	  0.0000E+00	  0.0000E+00	  0.0000E+00	  4.3293E-01	  3.8747E+00	  9.7455E+00	  1.6898E+01	  3.6850E+01	  6.8537E+01	  9.9852E+01	  1.3913E+02	  1.7062E+02	  1.6884E+02	  1.7149E+02	  1.7944E+02	  1.8136E+02	  1.6899E+02	  1.6822E+02	  1.6236E+02	  1.4264E+02	  1.2269E+02	  8.3220E+01	  4.1145E+01	  5.5655E+00	  0.0000E+00	  0.0000E+00	  0.0000E+00	  0.0000E+00	  0.0000E+00	  0.0000E+00	  0.0000E+00	  0.0000E+00	  0.0000E+00	  0.0000E+00	  0.0000E+00	  0.0000E+00	  0.0000E+00	  0.0000E+00	  0.0000E+00	  0.0000E+00	  0.0000E+00	  0.0000E+00	  0.0000E+00	  0.0000E+00	  0.0000E+00	  0.0000E+00	  0.0000E+00	  0.0000E+00	  0.0000E+00	  0.0000E+00	  0.0000E+00	  0.0000E+00
  0.0000E+00	  0.0000E+00	  0.0000E+00	  0.0000E+00	  0.0000E+00	  0.0000E+00	  0.0000E+00	  0.0000E+00	  0.0000E+00	  0.0000E+00	  0.0000E+00	  0.0000E+00	  0.0000E+00	  0.0000E+00	  0.0000E+00	  0.0000E+00	  0.0000E+00	  0.0000E+00	  0.0000E+00	  0.0000E+00	  0.0000E+00	  0.0000E+00	  0.0000E+00	  0.0000E+00	  0.0000E+00	  0.0000E+00	  0.0000E+00	  0.0000E+00	  0.0000E+00	  0.0000E+00	  0.0000E+00	  6.2126E-02	  2.4401E+00	  5.3188E+00	  1.4358E+01	  3.4052E+01	  6.0338E+01	  9.2727E+01	  1.4162E+02	  1.6529E+02	  1.7124E+02	  1.8144E+02	  1.6955E+02	  1.8417E+02	  1.7160E+02	  1.5683E+02	  1.5748E+02	  1.3918E+02	  1.2586E+02	  9.6900E+01	  4.7723E+01	  9.9572E+00	  1.8350E-01	  0.0000E+00	  0.0000E+00	  0.0000E+00	  0.0000E+00	  0.0000E+00	  0.0000E+00	  0.0000E+00	  0.0000E+00	  0.0000E+00	  0.0000E+00	  0.0000E+00	  0.0000E+00	  0.0000E+00	  0.0000E+00	  0.0000E+00	  0.0000E+00	  0.0000E+00	  0.0000E+00	  0.0000E+00	  0.0000E+00	  0.0000E+00	  0.0000E+00	  0.0000E+00	  0.0000E+00	  0.0000E+00	  0.0000E+00	  0.0000E+00
  0.0000E+00	  0.0000E+00	  0.0000E+00	  0.0000E+00	  0.0000E+00	  0.0000E+00	  0.0000E+00	  0.0000E+00	  0.0000E+00	  0.0000E+00	  0.0000E+00	  0.0000E+00	  0.0000E+00	  0.0000E+00	  0.0000E+00	  0.0000E+00	  0.0000E+00	  0.0000E+00	  0.0000E+00	  0.0000E+00	  0.0000E+00	  0.0000E+00	  0.0000E+00	  0.0000E+00	  0.0000E+00	  0.0000E+00	  0.0000E+00	  0.0000E+00	  0.0000E+00	  0.0000E+00	  0.0000E+00	  1.3139E-01	  7.7581E-01	  3.0331E+00	  9.1689E+00	  1.8975E+01	  4.8616E+01	  8.1111E+01	  1.2620E+02	  1.6069E+02	  1.6869E+02	  1.7181E+02	  1.5816E+02	  1.7664E+02	  1.7491E+02	  1.6101E+02	  1.6116E+02	  1.4199E+02	  1.1671E+02	  1.0534E+02	  5.9121E+01	  1.4305E+01	  4.2664E-01	  0.0000E+00	  0.0000E+00	  0.0000E+00	  0.0000E+00	  0.0000E+00	  0.0000E+00	  0.0000E+00	  0.0000E+00	  0.0000E+00	  0.0000E+00	  0.0000E+00	  0.0000E+00	  0.0000E+00	  0.0000E+00	  0.0000E+00	  0.0000E+00	  0.0000E+00	  0.0000E+00	  0.0000E+00	  0.0000E+00	  0.0000E+00	  0.0000E+00	  0.0000E+00	  0.0000E+00	  0.0000E+00	  0.0000E+00	  0.0000E+00
  0.0000E+00	  0.0000E+00	  0.0000E+00	  0.0000E+00	  0.0000E+00	  0.0000E+00	  0.0000E+00	  0.0000E+00	  0.0000E+00	  0.0000E+00	  0.0000E+00	  0.0000E+00	  0.0000E+00	  0.0000E+00	  0.0000E+00	  0.0000E+00	  0.0000E+00	  0.0000E+00	  0.0000E+00	  0.0000E+00	  0.0000E+00	  0.0000E+00	  0.0000E+00	  0.0000E+00	  0.0000E+00	  0.0000E+00	  0.0000E+00	  0.0000E+00	  0.0000E+00	  0.0000E+00	  0.0000E+00	  6.8260E-02	  6.4416E-01	  1.8067E+00	  4.6470E+00	  1.0480E+01	  2.6623E+01	  6.1071E+01	  1.0308E+02	  1.4033E+02	  1.5352E+02	  1.6399E+02	  1.6006E+02	  1.6321E+02	  1.6621E+02	  1.5688E+02	  1.4531E+02	  1.5302E+02	  1.3154E+02	  1.0211E+02	  6.2811E+01	  1.8014E+01	  5.1870E-01	  0.0000E+00	  0.0000E+00	  0.0000E+00	  0.0000E+00	  0.0000E+00	  0.0000E+00	  0.0000E+00	  0.0000E+00	  0.0000E+00	  0.0000E+00	  0.0000E+00	  0.0000E+00	  0.0000E+00	  0.0000E+00	  0.0000E+00	  0.0000E+00	  0.0000E+00	  0.0000E+00	  0.0000E+00	  0.0000E+00	  0.0000E+00	  0.0000E+00	  0.0000E+00	  0.0000E+00	  0.0000E+00	  0.0000E+00	  0.0000E+00
  0.0000E+00	  0.0000E+00	  0.0000E+00	  0.0000E+00	  0.0000E+00	  0.0000E+00	  0.0000E+00	  0.0000E+00	  0.0000E+00	  0.0000E+00	  0.0000E+00	  0.0000E+00	  0.0000E+00	  0.0000E+00	  0.0000E+00	  0.0000E+00	  0.0000E+00	  0.0000E+00	  0.0000E+00	  0.0000E+00	  0.0000E+00	  0.0000E+00	  0.0000E+00	  0.0000E+00	  0.0000E+00	  0.0000E+00	  0.0000E+00	  0.0000E+00	  0.0000E+00	  0.0000E+00	  0.0000E+00	  0.0000E+00	  2.9013E-01	  8.4907E-01	  1.6385E+00	  3.0682E+00	  1.1066E+01	  3.6436E+01	  7.4287E+01	  1.2625E+02	  1.4275E+02	  1.4754E+02	  1.4817E+02	  1.4185E+02	  1.4180E+02	  1.3564E+02	  1.3991E+02	  1.4156E+02	  1.2999E+02	  1.1107E+02	  6.8298E+01	  2.3132E+01	  1.4844E+00	  0.0000E+00	  0.0000E+00	  0.0000E+00	  0.0000E+00	  0.0000E+00	  0.0000E+00	  0.0000E+00	  0.0000E+00	  0.0000E+00	  0.0000E+00	  0.0000E+00	  0.0000E+00	  0.0000E+00	  0.0000E+00	  0.0000E+00	  0.0000E+00	  0.0000E+00	  0.0000E+00	  0.0000E+00	  0.0000E+00	  0.0000E+00	  0.0000E+00	  0.0000E+00	  0.0000E+00	  0.0000E+00	  0.0000E+00	  0.0000E+00
  0.0000E+00	  0.0000E+00	  0.0000E+00	  0.0000E+00	  0.0000E+00	  0.0000E+00	  0.0000E+00	  0.0000E+00	  0.0000E+00	  0.0000E+00	  0.0000E+00	  0.0000E+00	  0.0000E+00	  0.0000E+00	  0.0000E+00	  0.0000E+00	  0.0000E+00	  0.0000E+00	  0.0000E+00	  0.0000E+00	  0.0000E+00	  0.0000E+00	  0.0000E+00	  0.0000E+00	  0.0000E+00	  0.0000E+00	  0.0000E+00	  0.0000E+00	  0.0000E+00	  0.0000E+00	  0.0000E+00	  0.0000E+00	  1.6216E-01	  5.1178E-01	  7.2623E-01	  1.3747E+00	  2.2900E+00	  1.4956E+01	  4.6051E+01	  9.1671E+01	  1.1499E+02	  1.2095E+02	  1.2602E+02	  1.2030E+02	  1.1492E+02	  1.1759E+02	  1.2178E+02	  1.2393E+02	  1.2071E+02	  9.8810E+01	  6.8229E+01	  2.6605E+01	  2.6875E+00	  0.0000E+00	  0.0000E+00	  0.0000E+00	  0.0000E+00	  0.0000E+00	  0.0000E+00	  0.0000E+00	  0.0000E+00	  0.0000E+00	  0.0000E+00	  0.0000E+00	  0.0000E+00	  0.0000E+00	  0.0000E+00	  0.0000E+00	  0.0000E+00	  0.0000E+00	  0.0000E+00	  0.0000E+00	  0.0000E+00	  0.0000E+00	  0.0000E+00	  0.0000E+00	  0.0000E+00	  0.0000E+00	  0.0000E+00	  0.0000E+00
  0.0000E+00	  0.0000E+00	  0.0000E+00	  0.0000E+00	  0.0000E+00	  0.0000E+00	  0.0000E+00	  0.0000E+00	  0.0000E+00	  0.0000E+00	  0.0000E+00	  0.0000E+00	  0.0000E+00	  0.0000E+00	  0.0000E+00	  0.0000E+00	  0.0000E+00	  0.0000E+00	  0.0000E+00	  0.0000E+00	  0.0000E+00	  0.0000E+00	  0.0000E+00	  0.0000E+00	  0.0000E+00	  0.0000E+00	  0.0000E+00	  0.0000E+00	  0.0000E+00	  0.0000E+00	  0.0000E+00	  0.0000E+00	  0.0000E+00	  3.2339E-02	  1.1676E-02	  5.1005E-03	  1.7498E+00	  6.3612E+00	  2.1088E+01	  5.4702E+01	  7.9221E+01	  8.4662E+01	  8.3545E+01	  8.5142E+01	  8.3036E+01	  7.9015E+01	  8.4659E+01	  8.2084E+01	  9.0324E+01	  8.5460E+01	  7.5197E+01	  3.2587E+01	  3.1959E+00	  0.0000E+00	  0.0000E+00	  0.0000E+00	  0.0000E+00	  0.0000E+00	  0.0000E+00	  0.0000E+00	  0.0000E+00	  0.0000E+00	  0.0000E+00	  0.0000E+00	  0.0000E+00	  0.0000E+00	  0.0000E+00	  0.0000E+00	  0.0000E+00	  0.0000E+00	  0.0000E+00	  0.0000E+00	  0.0000E+00	  0.0000E+00	  0.0000E+00	  0.0000E+00	  0.0000E+00	  0.0000E+00	  0.0000E+00	  0.0000E+00
  0.0000E+00	  0.0000E+00	  0.0000E+00	  0.0000E+00	  0.0000E+00	  0.0000E+00	  0.0000E+00	  0.0000E+00	  0.0000E+00	  0.0000E+00	  0.0000E+00	  0.0000E+00	  0.0000E+00	  0.0000E+00	  0.0000E+00	  0.0000E+00	  0.0000E+00	  0.0000E+00	  0.0000E+00	  0.0000E+00	  0.0000E+00	  0.0000E+00	  0.0000E+00	  0.0000E+00	  0.0000E+00	  0.0000E+00	  0.0000E+00	  0.0000E+00	  0.0000E+00	  0.0000E+00	  0.0000E+00	  0.0000E+00	  0.0000E+00	  0.0000E+00	  0.0000E+00	  3.9152E-05	  5.3947E-01	  1.0934E+00	  5.7904E+00	  2.4602E+01	  4.0279E+01	  3.4114E+01	  3.7946E+01	  3.9097E+01	  4.1636E+01	  4.5454E+01	  4.0708E+01	  3.9520E+01	  5.2649E+01	  4.8999E+01	  4.4022E+01	  2.1510E+01	  2.0834E+00	  0.0000E+00	  0.0000E+00	  0.0000E+00	  0.0000E+00	  0.0000E+00	  0.0000E+00	  0.0000E+00	  0.0000E+00	  0.0000E+00	  0.0000E+00	  0.0000E+00	  0.0000E+00	  0.0000E+00	  0.0000E+00	  0.0000E+00	  0.0000E+00	  0.0000E+00	  0.0000E+00	  0.0000E+00	  0.0000E+00	  0.0000E+00	  0.0000E+00	  0.0000E+00	  0.0000E+00	  0.0000E+00	  0.0000E+00	  0.0000E+00
  0.0000E+00	  0.0000E+00	  0.0000E+00	  0.0000E+00	  0.0000E+00	  0.0000E+00	  0.0000E+00	  0.0000E+00	  0.0000E+00	  0.0000E+00	  0.0000E+00	  0.0000E+00	  0.0000E+00	  0.0000E+00	  0.0000E+00	  0.0000E+00	  0.0000E+00	  0.0000E+00	  0.0000E+00	  0.0000E+00	  0.0000E+00	  0.0000E+00	  0.0000E+00	  0.0000E+00	  0.0000E+00	  0.0000E+00	  0.0000E+00	  0.0000E+00	  0.0000E+00	  0.0000E+00	  0.0000E+00	  0.0000E+00	  0.0000E+00	  0.0000E+00	  0.0000E+00	  0.0000E+00	  0.0000E+00	  0.0000E+00	  1.5619E-01	  5.9367E+00	  1.2736E+01	  1.0060E+01	  1.1491E+01	  9.1236E+00	  9.3107E+00	  1.0563E+01	  1.1438E+01	  1.0698E+01	  1.1108E+01	  1.2695E+01	  1.2818E+01	  5.5198E+00	  1.1069E-01	  0.0000E+00	  0.0000E+00	  0.0000E+00	  0.0000E+00	  0.0000E+00	  0.0000E+00	  0.0000E+00	  0.0000E+00	  0.0000E+00	  0.0000E+00	  0.0000E+00	  0.0000E+00	  0.0000E+00	  0.0000E+00	  0.0000E+00	  0.0000E+00	  0.0000E+00	  0.0000E+00	  0.0000E+00	  0.0000E+00	  0.0000E+00	  0.0000E+00	  0.0000E+00	  0.0000E+00	  0.0000E+00	  0.0000E+00	  0.0000E+00
  0.0000E+00	  0.0000E+00	  0.0000E+00	  0.0000E+00	  0.0000E+00	  0.0000E+00	  0.0000E+00	  0.0000E+00	  0.0000E+00	  0.0000E+00	  0.0000E+00	  0.0000E+00	  0.0000E+00	  0.0000E+00	  0.0000E+00	  0.0000E+00	  0.0000E+00	  0.0000E+00	  0.0000E+00	  0.0000E+00	  0.0000E+00	  0.0000E+00	  0.0000E+00	  0.0000E+00	  0.0000E+00	  0.0000E+00	  0.0000E+00	  0.0000E+00	  0.0000E+00	  0.0000E+00	  0.0000E+00	  0.0000E+00	  0.0000E+00	  0.0000E+00	  0.0000E+00	  0.0000E+00	  0.0000E+00	  0.0000E+00	  2.3538E-04	  6.9684E-02	  9.8538E-02	  1.3459E-01	  2.3844E-01	  1.6262E-01	  2.6718E-01	  3.0843E-01	  3.4963E-01	  1.1222E-01	  3.1315E-02	  2.5297E-01	  3.5900E-01	  9.8090E-02	  1.5815E-03	  0.0000E+00	  0.0000E+00	  0.0000E+00	  0.0000E+00	  0.0000E+00	  0.0000E+00	  0.0000E+00	  0.0000E+00	  0.0000E+00	  0.0000E+00	  0.0000E+00	  0.0000E+00	  0.0000E+00	  0.0000E+00	  0.0000E+00	  0.0000E+00	  0.0000E+00	  0.0000E+00	  0.0000E+00	  0.0000E+00	  0.0000E+00	  0.0000E+00	  0.0000E+00	  0.0000E+00	  0.0000E+00	  0.0000E+00	  0.0000E+00
  0.0000E+00	  0.0000E+00	  0.0000E+00	  0.0000E+00	  0.0000E+00	  0.0000E+00	  0.0000E+00	  0.0000E+00	  0.0000E+00	  0.0000E+00	  0.0000E+00	  0.0000E+00	  0.0000E+00	  0.0000E+00	  0.0000E+00	  0.0000E+00	  0.0000E+00	  0.0000E+00	  0.0000E+00	  0.0000E+00	  0.0000E+00	  0.0000E+00	  0.0000E+00	  0.0000E+00	  0.0000E+00	  0.0000E+00	  0.0000E+00	  0.0000E+00	  0.0000E+00	  0.0000E+00	  0.0000E+00	  0.0000E+00	  0.0000E+00	  0.0000E+00	  0.0000E+00	  0.0000E+00	  0.0000E+00	  0.0000E+00	  0.0000E+00	  0.0000E+00	  0.0000E+00	  0.0000E+00	  0.0000E+00	  0.0000E+00	  0.0000E+00	  0.0000E+00	  0.0000E+00	  0.0000E+00	  0.0000E+00	  0.0000E+00	  0.0000E+00	  0.0000E+00	  0.0000E+00	  0.0000E+00	  0.0000E+00	  0.0000E+00	  0.0000E+00	  0.0000E+00	  0.0000E+00	  0.0000E+00	  0.0000E+00	  0.0000E+00	  0.0000E+00	  0.0000E+00	  0.0000E+00	  0.0000E+00	  0.0000E+00	  0.0000E+00	  0.0000E+00	  0.0000E+00	  0.0000E+00	  0.0000E+00	  0.0000E+00	  0.0000E+00	  0.0000E+00	  0.0000E+00	  0.0000E+00	  0.0000E+00	  0.0000E+00	  0.0000E+00
  0.0000E+00	  0.0000E+00	  0.0000E+00	  0.0000E+00	  0.0000E+00	  0.0000E+00	  0.0000E+00	  0.0000E+00	  0.0000E+00	  0.0000E+00	  0.0000E+00	  0.0000E+00	  0.0000E+00	  0.0000E+00	  0.0000E+00	  0.0000E+00	  0.0000E+00	  0.0000E+00	  0.0000E+00	  0.0000E+00	  0.0000E+00	  0.0000E+00	  0.0000E+00	  0.0000E+00	  0.0000E+00	  0.0000E+00	  0.0000E+00	  0.0000E+00	  0.0000E+00	  0.0000E+00	  0.0000E+00	  0.0000E+00	  0.0000E+00	  0.0000E+00	  0.0000E+00	  0.0000E+00	  0.0000E+00	  0.0000E+00	  0.0000E+00	  0.0000E+00	  0.0000E+00	  0.0000E+00	  0.0000E+00	  0.0000E+00	  0.0000E+00	  0.0000E+00	  0.0000E+00	  0.0000E+00	  0.0000E+00	  0.0000E+00	  0.0000E+00	  0.0000E+00	  0.0000E+00	  0.0000E+00	  0.0000E+00	  0.0000E+00	  0.0000E+00	  0.0000E+00	  0.0000E+00	  0.0000E+00	  0.0000E+00	  0.0000E+00	  0.0000E+00	  0.0000E+00	  0.0000E+00	  0.0000E+00	  0.0000E+00	  0.0000E+00	  0.0000E+00	  0.0000E+00	  0.0000E+00	  0.0000E+00	  0.0000E+00	  0.0000E+00	  0.0000E+00	  0.0000E+00	  0.0000E+00	  0.0000E+00	  0.0000E+00	  0.0000E+00
  0.0000E+00	  0.0000E+00	  0.0000E+00	  0.0000E+00	  0.0000E+00	  0.0000E+00	  0.0000E+00	  0.0000E+00	  0.0000E+00	  0.0000E+00	  0.0000E+00	  0.0000E+00	  0.0000E+00	  0.0000E+00	  0.0000E+00	  0.0000E+00	  0.0000E+00	  0.0000E+00	  0.0000E+00	  0.0000E+00	  0.0000E+00	  0.0000E+00	  0.0000E+00	  0.0000E+00	  0.0000E+00	  0.0000E+00	  0.0000E+00	  0.0000E+00	  0.0000E+00	  0.0000E+00	  0.0000E+00	  0.0000E+00	  0.0000E+00	  0.0000E+00	  0.0000E+00	  0.0000E+00	  0.0000E+00	  0.0000E+00	  0.0000E+00	  0.0000E+00	  0.0000E+00	  0.0000E+00	  0.0000E+00	  0.0000E+00	  0.0000E+00	  0.0000E+00	  0.0000E+00	  0.0000E+00	  0.0000E+00	  0.0000E+00	  0.0000E+00	  0.0000E+00	  0.0000E+00	  0.0000E+00	  0.0000E+00	  0.0000E+00	  0.0000E+00	  0.0000E+00	  0.0000E+00	  0.0000E+00	  0.0000E+00	  0.0000E+00	  0.0000E+00	  0.0000E+00	  0.0000E+00	  0.0000E+00	  0.0000E+00	  0.0000E+00	  0.0000E+00	  0.0000E+00	  0.0000E+00	  0.0000E+00	  0.0000E+00	  0.0000E+00	  0.0000E+00	  0.0000E+00	  0.0000E+00	  0.0000E+00	  0.0000E+00	  0.0000E+00
  0.0000E+00	  0.0000E+00	  0.0000E+00	  0.0000E+00	  0.0000E+00	  0.0000E+00	  0.0000E+00	  0.0000E+00	  0.0000E+00	  0.0000E+00	  0.0000E+00	  0.0000E+00	  0.0000E+00	  0.0000E+00	  0.0000E+00	  0.0000E+00	  0.0000E+00	  0.0000E+00	  0.0000E+00	  0.0000E+00	  0.0000E+00	  0.0000E+00	  0.0000E+00	  0.0000E+00	  0.0000E+00	  0.0000E+00	  0.0000E+00	  0.0000E+00	  0.0000E+00	  0.0000E+00	  0.0000E+00	  0.0000E+00	  0.0000E+00	  0.0000E+00	  0.0000E+00	  0.0000E+00	  0.0000E+00	  0.0000E+00	  0.0000E+00	  0.0000E+00	  0.0000E+00	  0.0000E+00	  0.0000E+00	  0.0000E+00	  0.0000E+00	  0.0000E+00	  0.0000E+00	  0.0000E+00	  0.0000E+00	  0.0000E+00	  0.0000E+00	  0.0000E+00	  0.0000E+00	  0.0000E+00	  0.0000E+00	  0.0000E+00	  0.0000E+00	  0.0000E+00	  0.0000E+00	  0.0000E+00	  0.0000E+00	  0.0000E+00	  0.0000E+00	  0.0000E+00	  0.0000E+00	  0.0000E+00	  0.0000E+00	  0.0000E+00	  0.0000E+00	  0.0000E+00	  0.0000E+00	  0.0000E+00	  0.0000E+00	  0.0000E+00	  0.0000E+00	  0.0000E+00	  0.0000E+00	  0.0000E+00	  0.0000E+00	  0.0000E+00
  0.0000E+00	  0.0000E+00	  0.0000E+00	  0.0000E+00	  0.0000E+00	  0.0000E+00	  0.0000E+00	  0.0000E+00	  0.0000E+00	  0.0000E+00	  0.0000E+00	  0.0000E+00	  0.0000E+00	  0.0000E+00	  0.0000E+00	  0.0000E+00	  0.0000E+00	  0.0000E+00	  0.0000E+00	  0.0000E+00	  0.0000E+00	  0.0000E+00	  0.0000E+00	  0.0000E+00	  0.0000E+00	  0.0000E+00	  0.0000E+00	  0.0000E+00	  0.0000E+00	  0.0000E+00	  0.0000E+00	  0.0000E+00	  0.0000E+00	  0.0000E+00	  0.0000E+00	  0.0000E+00	  0.0000E+00	  0.0000E+00	  0.0000E+00	  0.0000E+00	  0.0000E+00	  0.0000E+00	  0.0000E+00	  0.0000E+00	  0.0000E+00	  0.0000E+00	  0.0000E+00	  0.0000E+00	  0.0000E+00	  0.0000E+00	  0.0000E+00	  0.0000E+00	  0.0000E+00	  0.0000E+00	  0.0000E+00	  0.0000E+00	  0.0000E+00	  0.0000E+00	  0.0000E+00	  0.0000E+00	  0.0000E+00	  0.0000E+00	  0.0000E+00	  0.0000E+00	  0.0000E+00	  0.0000E+00	  0.0000E+00	  0.0000E+00	  0.0000E+00	  0.0000E+00	  0.0000E+00	  0.0000E+00	  0.0000E+00	  0.0000E+00	  0.0000E+00	  0.0000E+00	  0.0000E+00	  0.0000E+00	  0.0000E+00	  0.0000E+00
  0.0000E+00	  0.0000E+00	  0.0000E+00	  0.0000E+00	  0.0000E+00	  0.0000E+00	  0.0000E+00	  0.0000E+00	  0.0000E+00	  0.0000E+00	  0.0000E+00	  0.0000E+00	  0.0000E+00	  0.0000E+00	  0.0000E+00	  0.0000E+00	  0.0000E+00	  0.0000E+00	  0.0000E+00	  0.0000E+00	  0.0000E+00	  0.0000E+00	  0.0000E+00	  0.0000E+00	  0.0000E+00	  0.0000E+00	  0.0000E+00	  0.0000E+00	  0.0000E+00	  0.0000E+00	  0.0000E+00	  0.0000E+00	  0.0000E+00	  0.0000E+00	  0.0000E+00	  0.0000E+00	  0.0000E+00	  0.0000E+00	  0.0000E+00	  0.0000E+00	  0.0000E+00	  0.0000E+00	  0.0000E+00	  0.0000E+00	  0.0000E+00	  0.0000E+00	  0.0000E+00	  0.0000E+00	  0.0000E+00	  0.0000E+00	  0.0000E+00	  0.0000E+00	  0.0000E+00	  0.0000E+00	  0.0000E+00	  0.0000E+00	  0.0000E+00	  0.0000E+00	  0.0000E+00	  0.0000E+00	  0.0000E+00	  0.0000E+00	  0.0000E+00	  0.0000E+00	  0.0000E+00	  0.0000E+00	  0.0000E+00	  0.0000E+00	  0.0000E+00	  0.0000E+00	  0.0000E+00	  0.0000E+00	  0.0000E+00	  0.0000E+00	  0.0000E+00	  0.0000E+00	  0.0000E+00	  0.0000E+00	  0.0000E+00	  0.0000E+00
  0.0000E+00	  0.0000E+00	  0.0000E+00	  0.0000E+00	  0.0000E+00	  0.0000E+00	  0.0000E+00	  0.0000E+00	  0.0000E+00	  0.0000E+00	  0.0000E+00	  0.0000E+00	  0.0000E+00	  0.0000E+00	  0.0000E+00	  0.0000E+00	  0.0000E+00	  0.0000E+00	  0.0000E+00	  0.0000E+00	  0.0000E+00	  0.0000E+00	  0.0000E+00	  0.0000E+00	  0.0000E+00	  0.0000E+00	  0.0000E+00	  0.0000E+00	  0.0000E+00	  0.0000E+00	  0.0000E+00	  0.0000E+00	  0.0000E+00	  0.0000E+00	  0.0000E+00	  0.0000E+00	  0.0000E+00	  0.0000E+00	  0.0000E+00	  0.0000E+00	  0.0000E+00	  0.0000E+00	  0.0000E+00	  0.0000E+00	  0.0000E+00	  0.0000E+00	  0.0000E+00	  0.0000E+00	  0.0000E+00	  0.0000E+00	  0.0000E+00	  0.0000E+00	  0.0000E+00	  0.0000E+00	  0.0000E+00	  0.0000E+00	  0.0000E+00	  0.0000E+00	  0.0000E+00	  0.0000E+00	  0.0000E+00	  0.0000E+00	  0.0000E+00	  0.0000E+00	  0.0000E+00	  0.0000E+00	  0.0000E+00	  0.0000E+00	  0.0000E+00	  0.0000E+00	  0.0000E+00	  0.0000E+00	  0.0000E+00	  0.0000E+00	  0.0000E+00	  0.0000E+00	  0.0000E+00	  0.0000E+00	  0.0000E+00	  0.0000E+00
  0.0000E+00	  0.0000E+00	  0.0000E+00	  0.0000E+00	  0.0000E+00	  0.0000E+00	  0.0000E+00	  0.0000E+00	  0.0000E+00	  0.0000E+00	  0.0000E+00	  0.0000E+00	  0.0000E+00	  0.0000E+00	  0.0000E+00	  0.0000E+00	  0.0000E+00	  0.0000E+00	  0.0000E+00	  0.0000E+00	  0.0000E+00	  0.0000E+00	  0.0000E+00	  0.0000E+00	  0.0000E+00	  0.0000E+00	  0.0000E+00	  0.0000E+00	  0.0000E+00	  0.0000E+00	  0.0000E+00	  0.0000E+00	  0.0000E+00	  0.0000E+00	  0.0000E+00	  0.0000E+00	  0.0000E+00	  0.0000E+00	  0.0000E+00	  0.0000E+00	  0.0000E+00	  0.0000E+00	  0.0000E+00	  0.0000E+00	  0.0000E+00	  0.0000E+00	  0.0000E+00	  0.0000E+00	  0.0000E+00	  0.0000E+00	  0.0000E+00	  0.0000E+00	  0.0000E+00	  0.0000E+00	  0.0000E+00	  0.0000E+00	  0.0000E+00	  0.0000E+00	  0.0000E+00	  0.0000E+00	  0.0000E+00	  0.0000E+00	  0.0000E+00	  0.0000E+00	  0.0000E+00	  0.0000E+00	  0.0000E+00	  0.0000E+00	  0.0000E+00	  0.0000E+00	  0.0000E+00	  0.0000E+00	  0.0000E+00	  0.0000E+00	  0.0000E+00	  0.0000E+00	  0.0000E+00	  0.0000E+00	  0.0000E+00	  0.0000E+00
