Image analysis histogram listing

File : C:\Users\Denis\OneDrive - Universitť Laval\Projets en cours\VROOMM\Design optique\VROOMM_v04_SW.ZMX
Title: 
Date : 26/02/2026


Field Width                    : 0.231 Millimeters
Image Width                    : 0.24 Millimeters
Number of pixels               : 80 x 80
Total Weight of Rays Attempted :   2.000160E+05
Total Weight of Rays Passed    :   2.000160E+05
Total Rays Launched            : 200016
Percent Efficiency             :  100.00 %
Total flux in watts            : 1.000E+00
Units                          : Watts/Millimeters squared

  0.0000E+00	  0.0000E+00	  0.0000E+00	  0.0000E+00	  0.0000E+00	  0.0000E+00	  0.0000E+00	  0.0000E+00	  0.0000E+00	  0.0000E+00	  0.0000E+00	  0.0000E+00	  0.0000E+00	  0.0000E+00	  0.0000E+00	  0.0000E+00	  0.0000E+00	  0.0000E+00	  0.0000E+00	  0.0000E+00	  0.0000E+00	  0.0000E+00	  0.0000E+00	  0.0000E+00	  0.0000E+00	  0.0000E+00	  0.0000E+00	  0.0000E+00	  0.0000E+00	  0.0000E+00	  0.0000E+00	  0.0000E+00	  0.0000E+00	  0.0000E+00	  0.0000E+00	  0.0000E+00	  0.0000E+00	  0.0000E+00	  0.0000E+00	  0.0000E+00	  0.0000E+00	  0.0000E+00	  0.0000E+00	  0.0000E+00	  0.0000E+00	  0.0000E+00	  0.0000E+00	  0.0000E+00	  0.0000E+00	  0.0000E+00	  0.0000E+00	  0.0000E+00	  0.0000E+00	  0.0000E+00	  0.0000E+00	  0.0000E+00	  0.0000E+00	  0.0000E+00	  0.0000E+00	  0.0000E+00	  0.0000E+00	  0.0000E+00	  0.0000E+00	  0.0000E+00	  0.0000E+00	  0.0000E+00	  0.0000E+00	  0.0000E+00	  0.0000E+00	  0.0000E+00	  0.0000E+00	  0.0000E+00	  0.0000E+00	  0.0000E+00	  0.0000E+00	  0.0000E+00	  0.0000E+00	  0.0000E+00	  0.0000E+00	  0.0000E+00
  0.0000E+00	  0.0000E+00	  0.0000E+00	  0.0000E+00	  0.0000E+00	  0.0000E+00	  0.0000E+00	  0.0000E+00	  0.0000E+00	  0.0000E+00	  0.0000E+00	  0.0000E+00	  0.0000E+00	  0.0000E+00	  0.0000E+00	  0.0000E+00	  0.0000E+00	  0.0000E+00	  0.0000E+00	  0.0000E+00	  0.0000E+00	  0.0000E+00	  0.0000E+00	  0.0000E+00	  0.0000E+00	  0.0000E+00	  0.0000E+00	  0.0000E+00	  0.0000E+00	  0.0000E+00	  0.0000E+00	  0.0000E+00	  0.0000E+00	  0.0000E+00	  0.0000E+00	  0.0000E+00	  0.0000E+00	  0.0000E+00	  0.0000E+00	  0.0000E+00	  0.0000E+00	  0.0000E+00	  0.0000E+00	  0.0000E+00	  0.0000E+00	  0.0000E+00	  0.0000E+00	  0.0000E+00	  0.0000E+00	  0.0000E+00	  0.0000E+00	  0.0000E+00	  0.0000E+00	  0.0000E+00	  0.0000E+00	  0.0000E+00	  0.0000E+00	  0.0000E+00	  0.0000E+00	  0.0000E+00	  0.0000E+00	  0.0000E+00	  0.0000E+00	  0.0000E+00	  0.0000E+00	  0.0000E+00	  0.0000E+00	  0.0000E+00	  0.0000E+00	  0.0000E+00	  0.0000E+00	  0.0000E+00	  0.0000E+00	  0.0000E+00	  0.0000E+00	  0.0000E+00	  0.0000E+00	  0.0000E+00	  0.0000E+00	  0.0000E+00
  0.0000E+00	  0.0000E+00	  0.0000E+00	  0.0000E+00	  0.0000E+00	  0.0000E+00	  0.0000E+00	  0.0000E+00	  0.0000E+00	  0.0000E+00	  0.0000E+00	  0.0000E+00	  0.0000E+00	  0.0000E+00	  0.0000E+00	  0.0000E+00	  0.0000E+00	  0.0000E+00	  0.0000E+00	  0.0000E+00	  0.0000E+00	  0.0000E+00	  0.0000E+00	  0.0000E+00	  0.0000E+00	  0.0000E+00	  0.0000E+00	  0.0000E+00	  0.0000E+00	  0.0000E+00	  0.0000E+00	  0.0000E+00	  0.0000E+00	  0.0000E+00	  0.0000E+00	  0.0000E+00	  0.0000E+00	  0.0000E+00	  0.0000E+00	  0.0000E+00	  0.0000E+00	  0.0000E+00	  0.0000E+00	  0.0000E+00	  0.0000E+00	  0.0000E+00	  0.0000E+00	  0.0000E+00	  0.0000E+00	  0.0000E+00	  0.0000E+00	  0.0000E+00	  0.0000E+00	  0.0000E+00	  0.0000E+00	  0.0000E+00	  0.0000E+00	  0.0000E+00	  0.0000E+00	  0.0000E+00	  0.0000E+00	  0.0000E+00	  0.0000E+00	  0.0000E+00	  0.0000E+00	  0.0000E+00	  0.0000E+00	  0.0000E+00	  0.0000E+00	  0.0000E+00	  0.0000E+00	  0.0000E+00	  0.0000E+00	  0.0000E+00	  0.0000E+00	  0.0000E+00	  0.0000E+00	  0.0000E+00	  0.0000E+00	  0.0000E+00
  0.0000E+00	  0.0000E+00	  0.0000E+00	  0.0000E+00	  0.0000E+00	  0.0000E+00	  0.0000E+00	  0.0000E+00	  0.0000E+00	  0.0000E+00	  0.0000E+00	  0.0000E+00	  0.0000E+00	  0.0000E+00	  0.0000E+00	  0.0000E+00	  0.0000E+00	  0.0000E+00	  0.0000E+00	  0.0000E+00	  0.0000E+00	  0.0000E+00	  0.0000E+00	  0.0000E+00	  0.0000E+00	  0.0000E+00	  0.0000E+00	  0.0000E+00	  0.0000E+00	  0.0000E+00	  0.0000E+00	  0.0000E+00	  0.0000E+00	  0.0000E+00	  0.0000E+00	  0.0000E+00	  0.0000E+00	  0.0000E+00	  0.0000E+00	  0.0000E+00	  0.0000E+00	  0.0000E+00	  0.0000E+00	  0.0000E+00	  0.0000E+00	  0.0000E+00	  0.0000E+00	  0.0000E+00	  0.0000E+00	  0.0000E+00	  0.0000E+00	  0.0000E+00	  0.0000E+00	  0.0000E+00	  0.0000E+00	  0.0000E+00	  0.0000E+00	  0.0000E+00	  0.0000E+00	  0.0000E+00	  0.0000E+00	  0.0000E+00	  0.0000E+00	  0.0000E+00	  0.0000E+00	  0.0000E+00	  0.0000E+00	  0.0000E+00	  0.0000E+00	  0.0000E+00	  0.0000E+00	  0.0000E+00	  0.0000E+00	  0.0000E+00	  0.0000E+00	  0.0000E+00	  0.0000E+00	  0.0000E+00	  0.0000E+00	  0.0000E+00
  0.0000E+00	  0.0000E+00	  0.0000E+00	  0.0000E+00	  0.0000E+00	  0.0000E+00	  0.0000E+00	  0.0000E+00	  0.0000E+00	  0.0000E+00	  0.0000E+00	  0.0000E+00	  0.0000E+00	  0.0000E+00	  0.0000E+00	  0.0000E+00	  0.0000E+00	  0.0000E+00	  0.0000E+00	  0.0000E+00	  0.0000E+00	  0.0000E+00	  0.0000E+00	  0.0000E+00	  0.0000E+00	  0.0000E+00	  0.0000E+00	  0.0000E+00	  0.0000E+00	  0.0000E+00	  0.0000E+00	  0.0000E+00	  0.0000E+00	  0.0000E+00	  0.0000E+00	  0.0000E+00	  0.0000E+00	  0.0000E+00	  0.0000E+00	  0.0000E+00	  0.0000E+00	  0.0000E+00	  0.0000E+00	  0.0000E+00	  0.0000E+00	  0.0000E+00	  0.0000E+00	  0.0000E+00	  0.0000E+00	  0.0000E+00	  0.0000E+00	  0.0000E+00	  0.0000E+00	  0.0000E+00	  0.0000E+00	  0.0000E+00	  0.0000E+00	  0.0000E+00	  0.0000E+00	  0.0000E+00	  0.0000E+00	  0.0000E+00	  0.0000E+00	  0.0000E+00	  0.0000E+00	  0.0000E+00	  0.0000E+00	  0.0000E+00	  0.0000E+00	  0.0000E+00	  0.0000E+00	  0.0000E+00	  0.0000E+00	  0.0000E+00	  0.0000E+00	  0.0000E+00	  0.0000E+00	  0.0000E+00	  0.0000E+00	  0.0000E+00
  0.0000E+00	  0.0000E+00	  0.0000E+00	  0.0000E+00	  0.0000E+00	  0.0000E+00	  0.0000E+00	  0.0000E+00	  0.0000E+00	  0.0000E+00	  0.0000E+00	  0.0000E+00	  0.0000E+00	  0.0000E+00	  0.0000E+00	  0.0000E+00	  0.0000E+00	  0.0000E+00	  0.0000E+00	  0.0000E+00	  0.0000E+00	  0.0000E+00	  0.0000E+00	  0.0000E+00	  0.0000E+00	  0.0000E+00	  0.0000E+00	  0.0000E+00	  0.0000E+00	  0.0000E+00	  0.0000E+00	  0.0000E+00	  0.0000E+00	  0.0000E+00	  0.0000E+00	  0.0000E+00	  0.0000E+00	  0.0000E+00	  0.0000E+00	  0.0000E+00	  0.0000E+00	  0.0000E+00	  0.0000E+00	  0.0000E+00	  0.0000E+00	  0.0000E+00	  0.0000E+00	  0.0000E+00	  0.0000E+00	  0.0000E+00	  0.0000E+00	  0.0000E+00	  0.0000E+00	  0.0000E+00	  0.0000E+00	  0.0000E+00	  0.0000E+00	  0.0000E+00	  0.0000E+00	  0.0000E+00	  0.0000E+00	  0.0000E+00	  0.0000E+00	  0.0000E+00	  0.0000E+00	  0.0000E+00	  0.0000E+00	  0.0000E+00	  0.0000E+00	  0.0000E+00	  0.0000E+00	  0.0000E+00	  0.0000E+00	  0.0000E+00	  0.0000E+00	  0.0000E+00	  0.0000E+00	  0.0000E+00	  0.0000E+00	  0.0000E+00
  0.0000E+00	  0.0000E+00	  0.0000E+00	  0.0000E+00	  0.0000E+00	  0.0000E+00	  0.0000E+00	  0.0000E+00	  0.0000E+00	  0.0000E+00	  0.0000E+00	  0.0000E+00	  0.0000E+00	  0.0000E+00	  0.0000E+00	  0.0000E+00	  0.0000E+00	  0.0000E+00	  0.0000E+00	  0.0000E+00	  0.0000E+00	  0.0000E+00	  0.0000E+00	  0.0000E+00	  0.0000E+00	  0.0000E+00	  0.0000E+00	  0.0000E+00	  0.0000E+00	  0.0000E+00	  0.0000E+00	  0.0000E+00	  0.0000E+00	  0.0000E+00	  0.0000E+00	  0.0000E+00	  0.0000E+00	  0.0000E+00	  0.0000E+00	  0.0000E+00	  0.0000E+00	  0.0000E+00	  0.0000E+00	  0.0000E+00	  0.0000E+00	  0.0000E+00	  0.0000E+00	  0.0000E+00	  0.0000E+00	  0.0000E+00	  0.0000E+00	  0.0000E+00	  0.0000E+00	  0.0000E+00	  0.0000E+00	  0.0000E+00	  0.0000E+00	  0.0000E+00	  0.0000E+00	  0.0000E+00	  0.0000E+00	  0.0000E+00	  0.0000E+00	  0.0000E+00	  0.0000E+00	  0.0000E+00	  0.0000E+00	  0.0000E+00	  0.0000E+00	  0.0000E+00	  0.0000E+00	  0.0000E+00	  0.0000E+00	  0.0000E+00	  0.0000E+00	  0.0000E+00	  0.0000E+00	  0.0000E+00	  0.0000E+00	  0.0000E+00
  0.0000E+00	  0.0000E+00	  0.0000E+00	  0.0000E+00	  0.0000E+00	  0.0000E+00	  0.0000E+00	  0.0000E+00	  0.0000E+00	  0.0000E+00	  0.0000E+00	  0.0000E+00	  0.0000E+00	  0.0000E+00	  0.0000E+00	  0.0000E+00	  0.0000E+00	  0.0000E+00	  0.0000E+00	  0.0000E+00	  0.0000E+00	  0.0000E+00	  0.0000E+00	  0.0000E+00	  0.0000E+00	  0.0000E+00	  0.0000E+00	  0.0000E+00	  0.0000E+00	  0.0000E+00	  0.0000E+00	  0.0000E+00	  0.0000E+00	  0.0000E+00	  0.0000E+00	  0.0000E+00	  0.0000E+00	  0.0000E+00	  0.0000E+00	  0.0000E+00	  0.0000E+00	  0.0000E+00	  0.0000E+00	  0.0000E+00	  0.0000E+00	  0.0000E+00	  0.0000E+00	  0.0000E+00	  0.0000E+00	  0.0000E+00	  4.7359E-02	  3.0799E-01	  4.0732E-02	  0.0000E+00	  0.0000E+00	  0.0000E+00	  0.0000E+00	  0.0000E+00	  0.0000E+00	  0.0000E+00	  0.0000E+00	  0.0000E+00	  0.0000E+00	  0.0000E+00	  0.0000E+00	  0.0000E+00	  0.0000E+00	  0.0000E+00	  0.0000E+00	  0.0000E+00	  0.0000E+00	  0.0000E+00	  0.0000E+00	  0.0000E+00	  0.0000E+00	  0.0000E+00	  0.0000E+00	  0.0000E+00	  0.0000E+00	  0.0000E+00
  0.0000E+00	  0.0000E+00	  0.0000E+00	  0.0000E+00	  0.0000E+00	  0.0000E+00	  0.0000E+00	  0.0000E+00	  0.0000E+00	  0.0000E+00	  0.0000E+00	  0.0000E+00	  0.0000E+00	  0.0000E+00	  0.0000E+00	  0.0000E+00	  0.0000E+00	  0.0000E+00	  0.0000E+00	  0.0000E+00	  0.0000E+00	  0.0000E+00	  0.0000E+00	  0.0000E+00	  0.0000E+00	  0.0000E+00	  0.0000E+00	  0.0000E+00	  0.0000E+00	  0.0000E+00	  0.0000E+00	  0.0000E+00	  0.0000E+00	  0.0000E+00	  0.0000E+00	  0.0000E+00	  0.0000E+00	  0.0000E+00	  0.0000E+00	  5.0288E-02	  7.2189E-02	  1.6580E-04	  2.8029E-01	  3.2436E-01	  1.3457E-01	  5.8784E-01	  6.1520E-01	  3.4065E-01	  2.0833E-01	  1.7561E+00	  9.4873E-01	  6.3207E-01	  1.4600E-01	  0.0000E+00	  0.0000E+00	  0.0000E+00	  0.0000E+00	  0.0000E+00	  0.0000E+00	  0.0000E+00	  0.0000E+00	  0.0000E+00	  0.0000E+00	  0.0000E+00	  0.0000E+00	  0.0000E+00	  0.0000E+00	  0.0000E+00	  0.0000E+00	  0.0000E+00	  0.0000E+00	  0.0000E+00	  0.0000E+00	  0.0000E+00	  0.0000E+00	  0.0000E+00	  0.0000E+00	  0.0000E+00	  0.0000E+00	  0.0000E+00
  0.0000E+00	  0.0000E+00	  0.0000E+00	  0.0000E+00	  0.0000E+00	  0.0000E+00	  0.0000E+00	  0.0000E+00	  0.0000E+00	  0.0000E+00	  0.0000E+00	  0.0000E+00	  0.0000E+00	  0.0000E+00	  0.0000E+00	  0.0000E+00	  0.0000E+00	  0.0000E+00	  0.0000E+00	  0.0000E+00	  0.0000E+00	  0.0000E+00	  0.0000E+00	  0.0000E+00	  0.0000E+00	  0.0000E+00	  0.0000E+00	  0.0000E+00	  0.0000E+00	  0.0000E+00	  0.0000E+00	  0.0000E+00	  2.3919E-03	  1.9638E-01	  2.7149E-01	  0.0000E+00	  2.1384E-01	  7.1419E-01	  7.1449E-01	  1.4167E+00	  1.9358E+00	  2.4097E+00	  2.7471E+00	  2.2561E+00	  2.9867E+00	  4.4649E+00	  4.8732E+00	  2.7795E+00	  1.9412E+00	  1.8474E+00	  1.7735E+00	  1.2377E+00	  4.6111E-01	  1.6124E-01	  0.0000E+00	  0.0000E+00	  0.0000E+00	  0.0000E+00	  0.0000E+00	  0.0000E+00	  0.0000E+00	  0.0000E+00	  0.0000E+00	  0.0000E+00	  0.0000E+00	  0.0000E+00	  0.0000E+00	  0.0000E+00	  0.0000E+00	  0.0000E+00	  0.0000E+00	  0.0000E+00	  0.0000E+00	  0.0000E+00	  0.0000E+00	  0.0000E+00	  0.0000E+00	  0.0000E+00	  0.0000E+00	  0.0000E+00
  0.0000E+00	  0.0000E+00	  0.0000E+00	  0.0000E+00	  0.0000E+00	  0.0000E+00	  0.0000E+00	  0.0000E+00	  0.0000E+00	  0.0000E+00	  0.0000E+00	  0.0000E+00	  0.0000E+00	  0.0000E+00	  0.0000E+00	  0.0000E+00	  0.0000E+00	  0.0000E+00	  0.0000E+00	  0.0000E+00	  0.0000E+00	  0.0000E+00	  0.0000E+00	  0.0000E+00	  0.0000E+00	  0.0000E+00	  0.0000E+00	  0.0000E+00	  0.0000E+00	  0.0000E+00	  5.8782E-02	  5.7871E-02	  5.7159E-01	  2.0927E+00	  2.7229E+00	  2.0618E+00	  2.1477E+00	  5.6881E+00	  3.9865E+00	  7.3270E+00	  6.9264E+00	  6.6694E+00	  8.3697E+00	  8.0111E+00	  9.7880E+00	  1.0023E+01	  6.4784E+00	  7.3604E+00	  4.4581E+00	  7.0163E+00	  4.8644E+00	  2.2197E+00	  1.3490E+00	  2.6224E-01	  0.0000E+00	  0.0000E+00	  0.0000E+00	  0.0000E+00	  0.0000E+00	  0.0000E+00	  0.0000E+00	  0.0000E+00	  0.0000E+00	  0.0000E+00	  0.0000E+00	  0.0000E+00	  0.0000E+00	  0.0000E+00	  0.0000E+00	  0.0000E+00	  0.0000E+00	  0.0000E+00	  0.0000E+00	  0.0000E+00	  0.0000E+00	  0.0000E+00	  0.0000E+00	  0.0000E+00	  0.0000E+00	  0.0000E+00
  0.0000E+00	  0.0000E+00	  0.0000E+00	  0.0000E+00	  0.0000E+00	  0.0000E+00	  0.0000E+00	  0.0000E+00	  0.0000E+00	  0.0000E+00	  0.0000E+00	  0.0000E+00	  0.0000E+00	  0.0000E+00	  0.0000E+00	  0.0000E+00	  0.0000E+00	  0.0000E+00	  0.0000E+00	  0.0000E+00	  0.0000E+00	  0.0000E+00	  0.0000E+00	  0.0000E+00	  0.0000E+00	  0.0000E+00	  0.0000E+00	  0.0000E+00	  3.3580E-02	  7.0384E-01	  2.2261E+00	  2.1706E+00	  2.5202E+00	  6.3529E+00	  6.9858E+00	  6.6026E+00	  8.9503E+00	  8.8959E+00	  8.5716E+00	  8.7289E+00	  1.2172E+01	  1.2604E+01	  1.2246E+01	  1.5172E+01	  1.3673E+01	  1.2613E+01	  9.9269E+00	  8.2878E+00	  6.2699E+00	  9.2499E+00	  6.9872E+00	  4.8261E+00	  2.4620E+00	  1.0510E+00	  1.2898E-02	  0.0000E+00	  0.0000E+00	  0.0000E+00	  0.0000E+00	  0.0000E+00	  0.0000E+00	  0.0000E+00	  0.0000E+00	  0.0000E+00	  0.0000E+00	  0.0000E+00	  0.0000E+00	  0.0000E+00	  0.0000E+00	  0.0000E+00	  0.0000E+00	  0.0000E+00	  0.0000E+00	  0.0000E+00	  0.0000E+00	  0.0000E+00	  0.0000E+00	  0.0000E+00	  0.0000E+00	  0.0000E+00
  0.0000E+00	  0.0000E+00	  0.0000E+00	  0.0000E+00	  0.0000E+00	  0.0000E+00	  0.0000E+00	  0.0000E+00	  0.0000E+00	  0.0000E+00	  0.0000E+00	  0.0000E+00	  0.0000E+00	  0.0000E+00	  0.0000E+00	  0.0000E+00	  0.0000E+00	  0.0000E+00	  0.0000E+00	  0.0000E+00	  0.0000E+00	  0.0000E+00	  0.0000E+00	  0.0000E+00	  0.0000E+00	  0.0000E+00	  5.7313E-02	  9.8570E-01	  2.3549E+00	  4.7008E+00	  5.5326E+00	  7.1315E+00	  9.4938E+00	  9.0449E+00	  1.2560E+01	  1.5587E+01	  1.2210E+01	  1.2530E+01	  1.3242E+01	  1.4072E+01	  1.8709E+01	  1.6272E+01	  1.8252E+01	  1.7599E+01	  1.9923E+01	  1.5288E+01	  1.2867E+01	  1.4298E+01	  1.0895E+01	  9.4024E+00	  5.7812E+00	  4.0118E+00	  3.0435E+00	  3.3246E+00	  8.0480E-01	  0.0000E+00	  0.0000E+00	  0.0000E+00	  0.0000E+00	  0.0000E+00	  0.0000E+00	  0.0000E+00	  0.0000E+00	  0.0000E+00	  0.0000E+00	  0.0000E+00	  0.0000E+00	  0.0000E+00	  0.0000E+00	  0.0000E+00	  0.0000E+00	  0.0000E+00	  0.0000E+00	  0.0000E+00	  0.0000E+00	  0.0000E+00	  0.0000E+00	  0.0000E+00	  0.0000E+00	  0.0000E+00
  0.0000E+00	  0.0000E+00	  0.0000E+00	  0.0000E+00	  0.0000E+00	  0.0000E+00	  0.0000E+00	  0.0000E+00	  0.0000E+00	  0.0000E+00	  0.0000E+00	  0.0000E+00	  0.0000E+00	  0.0000E+00	  0.0000E+00	  0.0000E+00	  0.0000E+00	  0.0000E+00	  0.0000E+00	  0.0000E+00	  0.0000E+00	  0.0000E+00	  0.0000E+00	  0.0000E+00	  1.3366E-01	  1.6150E-01	  1.7190E+00	  3.1843E+00	  5.9833E+00	  6.4278E+00	  9.1741E+00	  1.1447E+01	  1.6440E+01	  1.3883E+01	  1.5141E+01	  2.0215E+01	  2.0229E+01	  2.2041E+01	  2.0866E+01	  2.6006E+01	  2.8462E+01	  2.7007E+01	  2.5657E+01	  2.6941E+01	  2.3515E+01	  1.9095E+01	  1.9802E+01	  1.1945E+01	  1.1092E+01	  1.4928E+01	  6.7038E+00	  6.7120E+00	  5.5282E+00	  3.2763E+00	  1.0524E+00	  0.0000E+00	  0.0000E+00	  0.0000E+00	  0.0000E+00	  0.0000E+00	  0.0000E+00	  0.0000E+00	  0.0000E+00	  0.0000E+00	  0.0000E+00	  0.0000E+00	  0.0000E+00	  0.0000E+00	  0.0000E+00	  0.0000E+00	  0.0000E+00	  0.0000E+00	  0.0000E+00	  0.0000E+00	  0.0000E+00	  0.0000E+00	  0.0000E+00	  0.0000E+00	  0.0000E+00	  0.0000E+00
  0.0000E+00	  0.0000E+00	  0.0000E+00	  0.0000E+00	  0.0000E+00	  0.0000E+00	  0.0000E+00	  0.0000E+00	  0.0000E+00	  0.0000E+00	  0.0000E+00	  0.0000E+00	  0.0000E+00	  0.0000E+00	  0.0000E+00	  0.0000E+00	  0.0000E+00	  0.0000E+00	  0.0000E+00	  0.0000E+00	  0.0000E+00	  0.0000E+00	  2.5570E-01	  3.5688E-01	  2.0349E+00	  3.6479E+00	  4.4315E+00	  7.3107E+00	  1.4564E+01	  1.2177E+01	  1.1907E+01	  1.8488E+01	  1.7351E+01	  1.9976E+01	  2.4271E+01	  2.6782E+01	  2.7433E+01	  3.3976E+01	  3.0501E+01	  2.9844E+01	  2.7576E+01	  2.7479E+01	  2.7685E+01	  2.2045E+01	  2.4354E+01	  2.2297E+01	  2.8539E+01	  1.8497E+01	  1.6265E+01	  1.6299E+01	  1.1485E+01	  9.0146E+00	  7.4998E+00	  4.4296E+00	  1.7779E+00	  5.9403E-01	  0.0000E+00	  0.0000E+00	  0.0000E+00	  0.0000E+00	  0.0000E+00	  0.0000E+00	  0.0000E+00	  0.0000E+00	  0.0000E+00	  0.0000E+00	  0.0000E+00	  0.0000E+00	  0.0000E+00	  0.0000E+00	  0.0000E+00	  0.0000E+00	  0.0000E+00	  0.0000E+00	  0.0000E+00	  0.0000E+00	  0.0000E+00	  0.0000E+00	  0.0000E+00	  0.0000E+00
  0.0000E+00	  0.0000E+00	  0.0000E+00	  0.0000E+00	  0.0000E+00	  0.0000E+00	  0.0000E+00	  0.0000E+00	  0.0000E+00	  0.0000E+00	  0.0000E+00	  0.0000E+00	  0.0000E+00	  0.0000E+00	  0.0000E+00	  0.0000E+00	  0.0000E+00	  0.0000E+00	  0.0000E+00	  0.0000E+00	  0.0000E+00	  3.9993E-02	  6.6921E-01	  2.1424E+00	  2.2631E+00	  4.5072E+00	  9.3595E+00	  1.0521E+01	  1.7267E+01	  2.0095E+01	  1.9141E+01	  2.1958E+01	  2.2559E+01	  2.8337E+01	  2.8931E+01	  4.0663E+01	  3.9654E+01	  3.8259E+01	  3.7002E+01	  3.6353E+01	  3.4828E+01	  3.4133E+01	  4.1872E+01	  3.2605E+01	  2.9334E+01	  2.9406E+01	  2.6985E+01	  2.3881E+01	  2.1513E+01	  1.8455E+01	  1.6372E+01	  1.0452E+01	  6.8890E+00	  5.3956E+00	  2.6900E+00	  6.3476E-01	  0.0000E+00	  0.0000E+00	  0.0000E+00	  0.0000E+00	  0.0000E+00	  0.0000E+00	  0.0000E+00	  0.0000E+00	  0.0000E+00	  0.0000E+00	  0.0000E+00	  0.0000E+00	  0.0000E+00	  0.0000E+00	  0.0000E+00	  0.0000E+00	  0.0000E+00	  0.0000E+00	  0.0000E+00	  0.0000E+00	  0.0000E+00	  0.0000E+00	  0.0000E+00	  0.0000E+00
  0.0000E+00	  0.0000E+00	  0.0000E+00	  0.0000E+00	  0.0000E+00	  0.0000E+00	  0.0000E+00	  0.0000E+00	  0.0000E+00	  0.0000E+00	  0.0000E+00	  0.0000E+00	  0.0000E+00	  0.0000E+00	  0.0000E+00	  0.0000E+00	  0.0000E+00	  0.0000E+00	  1.2419E-01	  2.5112E-01	  6.2323E-01	  1.7180E+00	  3.9298E+00	  5.4238E+00	  7.3207E+00	  1.2363E+01	  1.5400E+01	  1.4928E+01	  1.9603E+01	  2.1601E+01	  2.4337E+01	  3.4052E+01	  3.0052E+01	  3.1930E+01	  3.6618E+01	  4.6734E+01	  4.4968E+01	  4.9403E+01	  4.7670E+01	  4.3584E+01	  4.2647E+01	  4.5137E+01	  4.7679E+01	  3.7769E+01	  3.9017E+01	  3.2261E+01	  3.3309E+01	  2.4841E+01	  2.3037E+01	  1.9827E+01	  1.9446E+01	  1.8869E+01	  1.0797E+01	  9.5652E+00	  4.6083E+00	  7.3776E-01	  0.0000E+00	  0.0000E+00	  0.0000E+00	  0.0000E+00	  0.0000E+00	  0.0000E+00	  0.0000E+00	  0.0000E+00	  0.0000E+00	  0.0000E+00	  0.0000E+00	  0.0000E+00	  0.0000E+00	  0.0000E+00	  0.0000E+00	  0.0000E+00	  0.0000E+00	  0.0000E+00	  0.0000E+00	  0.0000E+00	  0.0000E+00	  0.0000E+00	  0.0000E+00	  0.0000E+00
  0.0000E+00	  0.0000E+00	  0.0000E+00	  0.0000E+00	  0.0000E+00	  0.0000E+00	  0.0000E+00	  0.0000E+00	  0.0000E+00	  0.0000E+00	  0.0000E+00	  0.0000E+00	  0.0000E+00	  0.0000E+00	  0.0000E+00	  0.0000E+00	  0.0000E+00	  3.5967E-02	  7.1805E-01	  1.6616E+00	  2.7012E+00	  5.0869E+00	  6.2457E+00	  8.9159E+00	  1.2824E+01	  1.3886E+01	  1.5159E+01	  2.2278E+01	  2.8681E+01	  2.7752E+01	  3.0111E+01	  4.3108E+01	  3.8799E+01	  4.0489E+01	  4.5392E+01	  4.9027E+01	  5.1775E+01	  5.8851E+01	  5.0807E+01	  4.9398E+01	  5.2127E+01	  4.8213E+01	  4.4756E+01	  4.2662E+01	  4.1011E+01	  3.9574E+01	  3.2256E+01	  2.9819E+01	  3.0362E+01	  2.9000E+01	  2.3712E+01	  1.9751E+01	  1.3336E+01	  8.5325E+00	  6.3341E+00	  8.1311E-01	  0.0000E+00	  0.0000E+00	  0.0000E+00	  0.0000E+00	  0.0000E+00	  0.0000E+00	  0.0000E+00	  0.0000E+00	  0.0000E+00	  0.0000E+00	  0.0000E+00	  0.0000E+00	  0.0000E+00	  0.0000E+00	  0.0000E+00	  0.0000E+00	  0.0000E+00	  0.0000E+00	  0.0000E+00	  0.0000E+00	  0.0000E+00	  0.0000E+00	  0.0000E+00	  0.0000E+00
  0.0000E+00	  0.0000E+00	  0.0000E+00	  0.0000E+00	  0.0000E+00	  0.0000E+00	  0.0000E+00	  0.0000E+00	  0.0000E+00	  0.0000E+00	  0.0000E+00	  0.0000E+00	  0.0000E+00	  0.0000E+00	  0.0000E+00	  0.0000E+00	  4.7444E-04	  2.8444E-01	  1.4838E+00	  3.9220E+00	  4.0707E+00	  7.9193E+00	  1.1415E+01	  1.4918E+01	  1.2969E+01	  1.6293E+01	  2.0508E+01	  2.5413E+01	  2.8645E+01	  3.0756E+01	  3.8212E+01	  4.0220E+01	  3.9668E+01	  5.4494E+01	  5.2080E+01	  5.8378E+01	  6.3631E+01	  6.5383E+01	  5.8540E+01	  5.2973E+01	  5.6714E+01	  5.9080E+01	  4.9792E+01	  4.4176E+01	  4.4462E+01	  4.1208E+01	  3.5361E+01	  3.4937E+01	  3.1798E+01	  3.3038E+01	  2.8898E+01	  2.4816E+01	  1.5001E+01	  1.1223E+01	  6.6525E+00	  3.8334E+00	  1.0612E-01	  0.0000E+00	  0.0000E+00	  0.0000E+00	  0.0000E+00	  0.0000E+00	  0.0000E+00	  0.0000E+00	  0.0000E+00	  0.0000E+00	  0.0000E+00	  0.0000E+00	  0.0000E+00	  0.0000E+00	  0.0000E+00	  0.0000E+00	  0.0000E+00	  0.0000E+00	  0.0000E+00	  0.0000E+00	  0.0000E+00	  0.0000E+00	  0.0000E+00	  0.0000E+00
  0.0000E+00	  0.0000E+00	  0.0000E+00	  0.0000E+00	  0.0000E+00	  0.0000E+00	  0.0000E+00	  0.0000E+00	  0.0000E+00	  0.0000E+00	  0.0000E+00	  0.0000E+00	  0.0000E+00	  0.0000E+00	  0.0000E+00	  0.0000E+00	  5.2028E-02	  1.3390E+00	  3.0925E+00	  4.7215E+00	  9.6896E+00	  9.6922E+00	  1.2399E+01	  1.7631E+01	  1.8673E+01	  2.6944E+01	  2.6588E+01	  3.6226E+01	  3.7265E+01	  4.1971E+01	  5.1081E+01	  4.5979E+01	  5.5128E+01	  6.0262E+01	  5.9455E+01	  7.0128E+01	  6.8807E+01	  6.8276E+01	  6.3581E+01	  6.1175E+01	  6.9514E+01	  6.3720E+01	  5.4691E+01	  5.5274E+01	  4.6623E+01	  4.5666E+01	  4.1604E+01	  3.9560E+01	  3.4640E+01	  3.2141E+01	  2.6562E+01	  2.2611E+01	  1.7567E+01	  1.8730E+01	  1.1049E+01	  3.8356E+00	  7.4282E-02	  0.0000E+00	  0.0000E+00	  0.0000E+00	  0.0000E+00	  0.0000E+00	  0.0000E+00	  0.0000E+00	  0.0000E+00	  0.0000E+00	  0.0000E+00	  0.0000E+00	  0.0000E+00	  0.0000E+00	  0.0000E+00	  0.0000E+00	  0.0000E+00	  0.0000E+00	  0.0000E+00	  0.0000E+00	  0.0000E+00	  0.0000E+00	  0.0000E+00	  0.0000E+00
  0.0000E+00	  0.0000E+00	  0.0000E+00	  0.0000E+00	  0.0000E+00	  0.0000E+00	  0.0000E+00	  0.0000E+00	  0.0000E+00	  0.0000E+00	  0.0000E+00	  0.0000E+00	  0.0000E+00	  0.0000E+00	  1.1940E-03	  4.0779E-01	  1.7418E+00	  3.6756E+00	  6.6948E+00	  8.9130E+00	  9.6902E+00	  1.3195E+01	  1.7782E+01	  2.4652E+01	  2.7995E+01	  3.1615E+01	  3.2868E+01	  4.2369E+01	  4.6904E+01	  4.7588E+01	  5.6383E+01	  6.0979E+01	  6.4490E+01	  6.6726E+01	  6.6014E+01	  6.5045E+01	  6.9823E+01	  7.0728E+01	  7.2104E+01	  6.5277E+01	  6.9934E+01	  7.3631E+01	  6.5429E+01	  6.6032E+01	  5.1448E+01	  4.8531E+01	  4.6952E+01	  4.5046E+01	  3.8787E+01	  3.2446E+01	  3.7029E+01	  2.8562E+01	  2.2131E+01	  1.9873E+01	  1.3475E+01	  4.0982E+00	  7.6342E-01	  0.0000E+00	  0.0000E+00	  0.0000E+00	  0.0000E+00	  0.0000E+00	  0.0000E+00	  0.0000E+00	  0.0000E+00	  0.0000E+00	  0.0000E+00	  0.0000E+00	  0.0000E+00	  0.0000E+00	  0.0000E+00	  0.0000E+00	  0.0000E+00	  0.0000E+00	  0.0000E+00	  0.0000E+00	  0.0000E+00	  0.0000E+00	  0.0000E+00	  0.0000E+00
  0.0000E+00	  0.0000E+00	  0.0000E+00	  0.0000E+00	  0.0000E+00	  0.0000E+00	  0.0000E+00	  0.0000E+00	  0.0000E+00	  0.0000E+00	  0.0000E+00	  0.0000E+00	  0.0000E+00	  0.0000E+00	  5.0448E-03	  2.0085E+00	  3.9203E+00	  5.3801E+00	  1.1351E+01	  1.2588E+01	  1.5955E+01	  2.1409E+01	  2.1878E+01	  2.7415E+01	  3.2576E+01	  3.6240E+01	  3.9451E+01	  4.4394E+01	  4.5041E+01	  5.0463E+01	  5.7642E+01	  7.3350E+01	  7.1490E+01	  6.6094E+01	  7.1518E+01	  7.2275E+01	  8.6340E+01	  8.2553E+01	  7.9865E+01	  8.1248E+01	  6.8995E+01	  6.9767E+01	  6.9016E+01	  6.2476E+01	  5.7690E+01	  5.4149E+01	  5.2894E+01	  4.3780E+01	  4.2265E+01	  4.0983E+01	  3.3774E+01	  2.2890E+01	  2.4597E+01	  1.9091E+01	  1.3699E+01	  6.6337E+00	  5.3099E-01	  0.0000E+00	  0.0000E+00	  0.0000E+00	  0.0000E+00	  0.0000E+00	  0.0000E+00	  0.0000E+00	  0.0000E+00	  0.0000E+00	  0.0000E+00	  0.0000E+00	  0.0000E+00	  0.0000E+00	  0.0000E+00	  0.0000E+00	  0.0000E+00	  0.0000E+00	  0.0000E+00	  0.0000E+00	  0.0000E+00	  0.0000E+00	  0.0000E+00	  0.0000E+00
  0.0000E+00	  0.0000E+00	  0.0000E+00	  0.0000E+00	  0.0000E+00	  0.0000E+00	  0.0000E+00	  0.0000E+00	  0.0000E+00	  0.0000E+00	  0.0000E+00	  0.0000E+00	  0.0000E+00	  0.0000E+00	  3.5071E-01	  3.7111E+00	  6.0209E+00	  8.0324E+00	  1.6342E+01	  1.6256E+01	  1.6205E+01	  2.1253E+01	  2.5322E+01	  2.8159E+01	  3.8683E+01	  4.0006E+01	  3.9230E+01	  4.9218E+01	  5.1636E+01	  6.0725E+01	  5.7449E+01	  7.5242E+01	  7.1105E+01	  7.1026E+01	  8.5663E+01	  7.7401E+01	  9.3263E+01	  9.2254E+01	  9.0078E+01	  8.6399E+01	  7.3608E+01	  7.0760E+01	  7.3639E+01	  7.1064E+01	  7.0292E+01	  5.9485E+01	  5.2179E+01	  4.9878E+01	  4.4674E+01	  3.6819E+01	  2.9420E+01	  2.6638E+01	  2.3781E+01	  1.7887E+01	  1.1409E+01	  4.7640E+00	  1.0629E+00	  0.0000E+00	  0.0000E+00	  0.0000E+00	  0.0000E+00	  0.0000E+00	  0.0000E+00	  0.0000E+00	  0.0000E+00	  0.0000E+00	  0.0000E+00	  0.0000E+00	  0.0000E+00	  0.0000E+00	  0.0000E+00	  0.0000E+00	  0.0000E+00	  0.0000E+00	  0.0000E+00	  0.0000E+00	  0.0000E+00	  0.0000E+00	  0.0000E+00	  0.0000E+00
  0.0000E+00	  0.0000E+00	  0.0000E+00	  0.0000E+00	  0.0000E+00	  0.0000E+00	  0.0000E+00	  0.0000E+00	  0.0000E+00	  0.0000E+00	  0.0000E+00	  0.0000E+00	  0.0000E+00	  4.0406E-01	  2.0855E+00	  3.6428E+00	  7.4253E+00	  1.0936E+01	  1.4391E+01	  1.8616E+01	  2.0572E+01	  2.2741E+01	  3.2294E+01	  3.4525E+01	  3.9269E+01	  4.3831E+01	  4.6498E+01	  4.9462E+01	  5.4167E+01	  5.7707E+01	  6.4407E+01	  7.4120E+01	  7.8918E+01	  8.3571E+01	  8.2773E+01	  8.5831E+01	  8.5173E+01	  8.6540E+01	  8.3789E+01	  8.1804E+01	  8.6239E+01	  7.4447E+01	  7.4113E+01	  7.5862E+01	  7.4059E+01	  6.4495E+01	  5.7637E+01	  4.7773E+01	  4.4610E+01	  3.9134E+01	  3.0291E+01	  2.8417E+01	  2.0839E+01	  1.8045E+01	  1.3796E+01	  6.6940E+00	  2.3719E+00	  0.0000E+00	  0.0000E+00	  0.0000E+00	  0.0000E+00	  0.0000E+00	  0.0000E+00	  0.0000E+00	  0.0000E+00	  0.0000E+00	  0.0000E+00	  0.0000E+00	  0.0000E+00	  0.0000E+00	  0.0000E+00	  0.0000E+00	  0.0000E+00	  0.0000E+00	  0.0000E+00	  0.0000E+00	  0.0000E+00	  0.0000E+00	  0.0000E+00	  0.0000E+00
  0.0000E+00	  0.0000E+00	  0.0000E+00	  0.0000E+00	  0.0000E+00	  0.0000E+00	  0.0000E+00	  0.0000E+00	  0.0000E+00	  0.0000E+00	  0.0000E+00	  0.0000E+00	  0.0000E+00	  5.4275E-01	  2.1053E+00	  3.7819E+00	  7.2230E+00	  1.0711E+01	  1.3953E+01	  1.7882E+01	  2.0476E+01	  2.3168E+01	  2.9118E+01	  3.6394E+01	  4.2353E+01	  4.6344E+01	  4.5544E+01	  5.5768E+01	  5.5504E+01	  5.8289E+01	  6.2236E+01	  7.3480E+01	  8.8910E+01	  8.3848E+01	  9.1098E+01	  9.4182E+01	  9.1700E+01	  9.5231E+01	  9.7235E+01	  9.5307E+01	  8.0750E+01	  8.2870E+01	  8.0592E+01	  7.6828E+01	  6.8130E+01	  6.1579E+01	  5.6137E+01	  5.4764E+01	  4.6040E+01	  4.6932E+01	  3.6134E+01	  3.1078E+01	  2.7245E+01	  1.9136E+01	  1.2639E+01	  7.5382E+00	  2.3913E+00	  1.8296E-01	  0.0000E+00	  0.0000E+00	  0.0000E+00	  0.0000E+00	  0.0000E+00	  0.0000E+00	  0.0000E+00	  0.0000E+00	  0.0000E+00	  0.0000E+00	  0.0000E+00	  0.0000E+00	  0.0000E+00	  0.0000E+00	  0.0000E+00	  0.0000E+00	  0.0000E+00	  0.0000E+00	  0.0000E+00	  0.0000E+00	  0.0000E+00	  0.0000E+00
  0.0000E+00	  0.0000E+00	  0.0000E+00	  0.0000E+00	  0.0000E+00	  0.0000E+00	  0.0000E+00	  0.0000E+00	  0.0000E+00	  0.0000E+00	  0.0000E+00	  0.0000E+00	  0.0000E+00	  1.1199E-02	  1.8656E+00	  3.5727E+00	  6.0369E+00	  1.0998E+01	  1.6523E+01	  2.0937E+01	  2.3354E+01	  2.5863E+01	  2.9249E+01	  3.4513E+01	  4.1014E+01	  4.5349E+01	  4.9078E+01	  5.6221E+01	  6.4040E+01	  6.8896E+01	  7.6418E+01	  7.3825E+01	  8.2200E+01	  8.8103E+01	  9.9752E+01	  9.1193E+01	  9.6682E+01	  1.0633E+02	  1.0415E+02	  9.8035E+01	  8.6651E+01	  8.6982E+01	  7.6651E+01	  7.5309E+01	  6.8036E+01	  6.6656E+01	  5.8024E+01	  6.0106E+01	  5.5743E+01	  5.1096E+01	  3.6041E+01	  3.4283E+01	  2.9146E+01	  2.1029E+01	  1.4266E+01	  1.0324E+01	  3.2955E+00	  7.1654E-01	  0.0000E+00	  0.0000E+00	  0.0000E+00	  0.0000E+00	  0.0000E+00	  0.0000E+00	  0.0000E+00	  0.0000E+00	  0.0000E+00	  0.0000E+00	  0.0000E+00	  0.0000E+00	  0.0000E+00	  0.0000E+00	  0.0000E+00	  0.0000E+00	  0.0000E+00	  0.0000E+00	  0.0000E+00	  0.0000E+00	  0.0000E+00	  0.0000E+00
  0.0000E+00	  0.0000E+00	  0.0000E+00	  0.0000E+00	  0.0000E+00	  0.0000E+00	  0.0000E+00	  0.0000E+00	  0.0000E+00	  0.0000E+00	  0.0000E+00	  0.0000E+00	  0.0000E+00	  1.8188E-03	  8.6131E-01	  4.2508E+00	  6.4079E+00	  1.1149E+01	  1.5852E+01	  1.9182E+01	  2.3690E+01	  2.5394E+01	  3.1098E+01	  3.1484E+01	  3.5659E+01	  4.4672E+01	  5.7385E+01	  5.0809E+01	  6.5743E+01	  6.1095E+01	  7.7398E+01	  8.4137E+01	  8.1886E+01	  8.9014E+01	  1.0266E+02	  1.0035E+02	  1.0229E+02	  1.1058E+02	  1.0959E+02	  1.0745E+02	  9.7861E+01	  8.9394E+01	  8.9635E+01	  8.0829E+01	  7.4484E+01	  7.2575E+01	  6.5325E+01	  5.5480E+01	  4.8310E+01	  5.2530E+01	  4.3830E+01	  3.6085E+01	  3.1830E+01	  2.1893E+01	  1.5570E+01	  1.1455E+01	  4.3610E+00	  2.0379E+00	  3.6361E-02	  0.0000E+00	  0.0000E+00	  0.0000E+00	  0.0000E+00	  0.0000E+00	  0.0000E+00	  0.0000E+00	  0.0000E+00	  0.0000E+00	  0.0000E+00	  0.0000E+00	  0.0000E+00	  0.0000E+00	  0.0000E+00	  0.0000E+00	  0.0000E+00	  0.0000E+00	  0.0000E+00	  0.0000E+00	  0.0000E+00	  0.0000E+00
  0.0000E+00	  0.0000E+00	  0.0000E+00	  0.0000E+00	  0.0000E+00	  0.0000E+00	  0.0000E+00	  0.0000E+00	  0.0000E+00	  0.0000E+00	  0.0000E+00	  0.0000E+00	  0.0000E+00	  0.0000E+00	  7.0127E-01	  3.9912E+00	  4.7307E+00	  8.9579E+00	  1.3821E+01	  1.8846E+01	  2.9454E+01	  2.9227E+01	  3.2733E+01	  3.4559E+01	  4.2528E+01	  4.6764E+01	  5.2778E+01	  6.0796E+01	  6.4147E+01	  6.4780E+01	  7.1833E+01	  7.1225E+01	  8.9949E+01	  8.8724E+01	  8.5466E+01	  9.2888E+01	  9.3608E+01	  9.9793E+01	  1.0896E+02	  1.0777E+02	  9.7876E+01	  8.7440E+01	  8.8922E+01	  8.5310E+01	  7.3144E+01	  6.6874E+01	  6.4523E+01	  5.7600E+01	  4.7615E+01	  4.9637E+01	  4.4149E+01	  3.4746E+01	  3.1601E+01	  2.6893E+01	  1.8101E+01	  1.3272E+01	  5.5074E+00	  2.3049E+00	  8.5408E-02	  0.0000E+00	  0.0000E+00	  0.0000E+00	  0.0000E+00	  0.0000E+00	  0.0000E+00	  0.0000E+00	  0.0000E+00	  0.0000E+00	  0.0000E+00	  0.0000E+00	  0.0000E+00	  0.0000E+00	  0.0000E+00	  0.0000E+00	  0.0000E+00	  0.0000E+00	  0.0000E+00	  0.0000E+00	  0.0000E+00	  0.0000E+00
  0.0000E+00	  0.0000E+00	  0.0000E+00	  0.0000E+00	  0.0000E+00	  0.0000E+00	  0.0000E+00	  0.0000E+00	  0.0000E+00	  0.0000E+00	  0.0000E+00	  0.0000E+00	  0.0000E+00	  0.0000E+00	  7.1421E-02	  1.9420E+00	  3.0252E+00	  7.6531E+00	  1.2452E+01	  1.9338E+01	  2.3544E+01	  2.9569E+01	  3.2454E+01	  3.0467E+01	  4.3441E+01	  4.7753E+01	  4.9387E+01	  6.0015E+01	  6.5825E+01	  5.9870E+01	  7.1179E+01	  7.8959E+01	  8.1944E+01	  8.8985E+01	  9.4190E+01	  9.3518E+01	  9.9074E+01	  9.2712E+01	  1.0311E+02	  1.0254E+02	  9.7636E+01	  9.4322E+01	  8.8174E+01	  8.4060E+01	  7.4759E+01	  7.3277E+01	  5.9289E+01	  6.1478E+01	  5.1927E+01	  5.4827E+01	  5.0712E+01	  3.8354E+01	  3.1130E+01	  2.4406E+01	  2.1107E+01	  1.4353E+01	  7.2234E+00	  3.1601E+00	  3.7987E-01	  0.0000E+00	  0.0000E+00	  0.0000E+00	  0.0000E+00	  0.0000E+00	  0.0000E+00	  0.0000E+00	  0.0000E+00	  0.0000E+00	  0.0000E+00	  0.0000E+00	  0.0000E+00	  0.0000E+00	  0.0000E+00	  0.0000E+00	  0.0000E+00	  0.0000E+00	  0.0000E+00	  0.0000E+00	  0.0000E+00	  0.0000E+00
  0.0000E+00	  0.0000E+00	  0.0000E+00	  0.0000E+00	  0.0000E+00	  0.0000E+00	  0.0000E+00	  0.0000E+00	  0.0000E+00	  0.0000E+00	  0.0000E+00	  0.0000E+00	  0.0000E+00	  0.0000E+00	  2.2854E-01	  2.5099E+00	  3.5253E+00	  5.8683E+00	  1.1734E+01	  1.6498E+01	  2.0166E+01	  2.6419E+01	  2.5438E+01	  2.6055E+01	  4.1404E+01	  4.0685E+01	  5.2540E+01	  6.0182E+01	  5.5958E+01	  6.3590E+01	  6.7928E+01	  7.8676E+01	  8.6217E+01	  9.2617E+01	  9.4289E+01	  9.2534E+01	  9.6895E+01	  9.9700E+01	  1.0626E+02	  9.9046E+01	  1.0267E+02	  8.9589E+01	  7.5076E+01	  8.1135E+01	  8.0228E+01	  7.7582E+01	  6.6193E+01	  6.4854E+01	  5.5926E+01	  4.5707E+01	  4.3789E+01	  3.5837E+01	  2.9391E+01	  2.7016E+01	  2.1588E+01	  1.6831E+01	  8.2680E+00	  3.2779E+00	  6.4174E-01	  0.0000E+00	  0.0000E+00	  0.0000E+00	  0.0000E+00	  0.0000E+00	  0.0000E+00	  0.0000E+00	  0.0000E+00	  0.0000E+00	  0.0000E+00	  0.0000E+00	  0.0000E+00	  0.0000E+00	  0.0000E+00	  0.0000E+00	  0.0000E+00	  0.0000E+00	  0.0000E+00	  0.0000E+00	  0.0000E+00	  0.0000E+00
  0.0000E+00	  0.0000E+00	  0.0000E+00	  0.0000E+00	  0.0000E+00	  0.0000E+00	  0.0000E+00	  0.0000E+00	  0.0000E+00	  0.0000E+00	  0.0000E+00	  0.0000E+00	  0.0000E+00	  0.0000E+00	  1.0699E-02	  1.1002E+00	  4.4396E+00	  6.9040E+00	  1.1409E+01	  1.4003E+01	  1.7752E+01	  2.3464E+01	  2.8334E+01	  3.1399E+01	  4.0390E+01	  4.2371E+01	  5.0554E+01	  5.5588E+01	  5.6580E+01	  6.4876E+01	  6.3745E+01	  7.9145E+01	  8.5120E+01	  8.6867E+01	  9.4617E+01	  9.0592E+01	  9.6211E+01	  9.9831E+01	  9.8205E+01	  9.8179E+01	  9.8526E+01	  9.0783E+01	  8.6075E+01	  8.3950E+01	  7.8265E+01	  7.2683E+01	  6.8910E+01	  6.0940E+01	  5.3023E+01	  4.6827E+01	  5.0958E+01	  3.8873E+01	  3.3921E+01	  2.8525E+01	  2.1286E+01	  1.6924E+01	  8.9126E+00	  3.0742E+00	  1.2076E+00	  0.0000E+00	  0.0000E+00	  0.0000E+00	  0.0000E+00	  0.0000E+00	  0.0000E+00	  0.0000E+00	  0.0000E+00	  0.0000E+00	  0.0000E+00	  0.0000E+00	  0.0000E+00	  0.0000E+00	  0.0000E+00	  0.0000E+00	  0.0000E+00	  0.0000E+00	  0.0000E+00	  0.0000E+00	  0.0000E+00	  0.0000E+00
  0.0000E+00	  0.0000E+00	  0.0000E+00	  0.0000E+00	  0.0000E+00	  0.0000E+00	  0.0000E+00	  0.0000E+00	  0.0000E+00	  0.0000E+00	  0.0000E+00	  0.0000E+00	  0.0000E+00	  0.0000E+00	  0.0000E+00	  9.9560E-01	  4.3291E+00	  6.7233E+00	  1.0220E+01	  1.4357E+01	  1.6394E+01	  2.2138E+01	  3.1795E+01	  3.5021E+01	  3.8250E+01	  4.0868E+01	  4.4343E+01	  5.0240E+01	  5.8302E+01	  6.5959E+01	  7.0831E+01	  6.8526E+01	  8.4691E+01	  8.9409E+01	  8.6016E+01	  9.2664E+01	  1.0007E+02	  9.6964E+01	  1.0617E+02	  1.0350E+02	  9.7247E+01	  9.5728E+01	  9.4116E+01	  8.5015E+01	  8.4426E+01	  7.0280E+01	  6.6301E+01	  6.6922E+01	  5.7870E+01	  5.3964E+01	  4.7185E+01	  4.4946E+01	  3.5171E+01	  3.2249E+01	  2.3380E+01	  1.9908E+01	  1.2009E+01	  5.4464E+00	  1.7737E+00	  1.1858E-02	  0.0000E+00	  0.0000E+00	  0.0000E+00	  0.0000E+00	  0.0000E+00	  0.0000E+00	  0.0000E+00	  0.0000E+00	  0.0000E+00	  0.0000E+00	  0.0000E+00	  0.0000E+00	  0.0000E+00	  0.0000E+00	  0.0000E+00	  0.0000E+00	  0.0000E+00	  0.0000E+00	  0.0000E+00	  0.0000E+00
  0.0000E+00	  0.0000E+00	  0.0000E+00	  0.0000E+00	  0.0000E+00	  0.0000E+00	  0.0000E+00	  0.0000E+00	  0.0000E+00	  0.0000E+00	  0.0000E+00	  0.0000E+00	  0.0000E+00	  0.0000E+00	  0.0000E+00	  4.1424E-01	  2.8520E+00	  5.2431E+00	  7.3215E+00	  1.1378E+01	  1.8001E+01	  2.4488E+01	  2.6741E+01	  3.1703E+01	  4.0714E+01	  3.9922E+01	  3.9345E+01	  4.5612E+01	  6.3616E+01	  6.4674E+01	  6.6531E+01	  6.8910E+01	  8.1485E+01	  8.8870E+01	  8.3696E+01	  9.3214E+01	  1.0968E+02	  9.9632E+01	  9.3586E+01	  1.0294E+02	  8.8578E+01	  9.2713E+01	  9.5801E+01	  8.7590E+01	  8.6508E+01	  8.1288E+01	  7.0950E+01	  6.1434E+01	  5.3057E+01	  5.2265E+01	  5.0447E+01	  4.7414E+01	  3.3142E+01	  3.0913E+01	  2.8709E+01	  2.0611E+01	  1.3930E+01	  9.8532E+00	  1.8778E+00	  1.6709E-01	  0.0000E+00	  0.0000E+00	  0.0000E+00	  0.0000E+00	  0.0000E+00	  0.0000E+00	  0.0000E+00	  0.0000E+00	  0.0000E+00	  0.0000E+00	  0.0000E+00	  0.0000E+00	  0.0000E+00	  0.0000E+00	  0.0000E+00	  0.0000E+00	  0.0000E+00	  0.0000E+00	  0.0000E+00	  0.0000E+00
  0.0000E+00	  0.0000E+00	  0.0000E+00	  0.0000E+00	  0.0000E+00	  0.0000E+00	  0.0000E+00	  0.0000E+00	  0.0000E+00	  0.0000E+00	  0.0000E+00	  0.0000E+00	  0.0000E+00	  0.0000E+00	  0.0000E+00	  3.2492E-02	  8.5443E-01	  4.3972E+00	  8.4673E+00	  9.6746E+00	  1.2538E+01	  2.0311E+01	  2.3219E+01	  2.9723E+01	  3.6928E+01	  4.2077E+01	  4.3902E+01	  5.4934E+01	  6.1559E+01	  6.2054E+01	  7.0674E+01	  7.2128E+01	  7.4447E+01	  8.8210E+01	  8.1779E+01	  9.4642E+01	  1.0859E+02	  9.7179E+01	  9.2326E+01	  1.0297E+02	  9.5333E+01	  9.7651E+01	  9.3429E+01	  8.2712E+01	  8.1353E+01	  7.9191E+01	  7.2138E+01	  6.3920E+01	  5.7432E+01	  5.5959E+01	  5.4269E+01	  4.5159E+01	  3.7563E+01	  2.8883E+01	  2.6275E+01	  2.1317E+01	  1.7035E+01	  1.0114E+01	  3.9530E+00	  1.4638E-01	  0.0000E+00	  0.0000E+00	  0.0000E+00	  0.0000E+00	  0.0000E+00	  0.0000E+00	  0.0000E+00	  0.0000E+00	  0.0000E+00	  0.0000E+00	  0.0000E+00	  0.0000E+00	  0.0000E+00	  0.0000E+00	  0.0000E+00	  0.0000E+00	  0.0000E+00	  0.0000E+00	  0.0000E+00	  0.0000E+00
  0.0000E+00	  0.0000E+00	  0.0000E+00	  0.0000E+00	  0.0000E+00	  0.0000E+00	  0.0000E+00	  0.0000E+00	  0.0000E+00	  0.0000E+00	  0.0000E+00	  0.0000E+00	  0.0000E+00	  0.0000E+00	  0.0000E+00	  0.0000E+00	  8.7658E-01	  2.9118E+00	  8.8532E+00	  1.3878E+01	  1.6577E+01	  1.9796E+01	  2.2138E+01	  2.8864E+01	  3.7352E+01	  4.0128E+01	  3.9259E+01	  5.1829E+01	  5.8934E+01	  6.2260E+01	  7.4193E+01	  7.4164E+01	  7.5749E+01	  7.6932E+01	  8.9220E+01	  8.3927E+01	  8.8628E+01	  9.1046E+01	  9.6051E+01	  9.9843E+01	  9.2914E+01	  1.0299E+02	  8.5330E+01	  7.8410E+01	  8.4228E+01	  7.2950E+01	  7.8557E+01	  6.6844E+01	  6.8330E+01	  5.6558E+01	  5.4715E+01	  4.9829E+01	  3.3713E+01	  2.7744E+01	  2.5834E+01	  1.9088E+01	  2.0534E+01	  1.2245E+01	  5.2272E+00	  4.4613E-01	  0.0000E+00	  0.0000E+00	  0.0000E+00	  0.0000E+00	  0.0000E+00	  0.0000E+00	  0.0000E+00	  0.0000E+00	  0.0000E+00	  0.0000E+00	  0.0000E+00	  0.0000E+00	  0.0000E+00	  0.0000E+00	  0.0000E+00	  0.0000E+00	  0.0000E+00	  0.0000E+00	  0.0000E+00	  0.0000E+00
  0.0000E+00	  0.0000E+00	  0.0000E+00	  0.0000E+00	  0.0000E+00	  0.0000E+00	  0.0000E+00	  0.0000E+00	  0.0000E+00	  0.0000E+00	  0.0000E+00	  0.0000E+00	  0.0000E+00	  0.0000E+00	  0.0000E+00	  0.0000E+00	  5.5282E-01	  2.3670E+00	  5.2594E+00	  1.1757E+01	  1.2037E+01	  2.2139E+01	  2.4950E+01	  2.9868E+01	  3.4687E+01	  4.2511E+01	  4.0631E+01	  4.9101E+01	  5.3231E+01	  5.8394E+01	  6.8263E+01	  6.5488E+01	  7.4344E+01	  8.4092E+01	  7.7027E+01	  9.0177E+01	  9.1163E+01	  9.3635E+01	  9.5359E+01	  9.9669E+01	  9.7156E+01	  9.9610E+01	  9.7759E+01	  8.2976E+01	  7.8184E+01	  7.5806E+01	  7.8879E+01	  7.1915E+01	  6.3152E+01	  5.4023E+01	  5.0279E+01	  5.0730E+01	  3.3424E+01	  2.9660E+01	  2.9248E+01	  1.9156E+01	  1.4718E+01	  1.1003E+01	  4.5590E+00	  1.1092E+00	  0.0000E+00	  0.0000E+00	  0.0000E+00	  0.0000E+00	  0.0000E+00	  0.0000E+00	  0.0000E+00	  0.0000E+00	  0.0000E+00	  0.0000E+00	  0.0000E+00	  0.0000E+00	  0.0000E+00	  0.0000E+00	  0.0000E+00	  0.0000E+00	  0.0000E+00	  0.0000E+00	  0.0000E+00	  0.0000E+00
  0.0000E+00	  0.0000E+00	  0.0000E+00	  0.0000E+00	  0.0000E+00	  0.0000E+00	  0.0000E+00	  0.0000E+00	  0.0000E+00	  0.0000E+00	  0.0000E+00	  0.0000E+00	  0.0000E+00	  0.0000E+00	  0.0000E+00	  0.0000E+00	  2.1021E-01	  3.0204E+00	  4.6361E+00	  8.0576E+00	  1.0640E+01	  2.0550E+01	  2.3739E+01	  2.6671E+01	  2.9149E+01	  3.6331E+01	  4.1721E+01	  4.7247E+01	  4.8698E+01	  4.9868E+01	  5.9366E+01	  6.3309E+01	  7.4857E+01	  8.6138E+01	  8.7676E+01	  8.8530E+01	  1.0034E+02	  9.4406E+01	  9.3413E+01	  1.0194E+02	  1.0517E+02	  1.0288E+02	  9.6662E+01	  9.5507E+01	  7.4387E+01	  8.0472E+01	  7.9921E+01	  6.6576E+01	  5.9010E+01	  5.6372E+01	  4.9454E+01	  4.5387E+01	  3.7192E+01	  3.6378E+01	  2.9664E+01	  2.6859E+01	  1.7540E+01	  1.0544E+01	  4.0061E+00	  2.7737E+00	  8.2402E-03	  0.0000E+00	  0.0000E+00	  0.0000E+00	  0.0000E+00	  0.0000E+00	  0.0000E+00	  0.0000E+00	  0.0000E+00	  0.0000E+00	  0.0000E+00	  0.0000E+00	  0.0000E+00	  0.0000E+00	  0.0000E+00	  0.0000E+00	  0.0000E+00	  0.0000E+00	  0.0000E+00	  0.0000E+00
  0.0000E+00	  0.0000E+00	  0.0000E+00	  0.0000E+00	  0.0000E+00	  0.0000E+00	  0.0000E+00	  0.0000E+00	  0.0000E+00	  0.0000E+00	  0.0000E+00	  0.0000E+00	  0.0000E+00	  0.0000E+00	  0.0000E+00	  0.0000E+00	  3.9326E-02	  1.9045E+00	  3.5645E+00	  6.4235E+00	  1.2225E+01	  1.6228E+01	  2.4201E+01	  2.7741E+01	  3.3326E+01	  4.4192E+01	  4.4960E+01	  4.6961E+01	  4.9897E+01	  5.1974E+01	  5.7810E+01	  6.0607E+01	  7.0438E+01	  7.8737E+01	  8.3533E+01	  9.0126E+01	  8.9580E+01	  9.1764E+01	  9.4652E+01	  1.0350E+02	  1.0234E+02	  9.6048E+01	  9.7696E+01	  8.6130E+01	  8.0060E+01	  7.8825E+01	  7.8512E+01	  7.3929E+01	  6.0405E+01	  6.0314E+01	  5.2492E+01	  4.7696E+01	  4.4710E+01	  4.2444E+01	  3.5314E+01	  2.8009E+01	  2.0435E+01	  1.0331E+01	  7.4276E+00	  3.7863E+00	  2.8015E-02	  0.0000E+00	  0.0000E+00	  0.0000E+00	  0.0000E+00	  0.0000E+00	  0.0000E+00	  0.0000E+00	  0.0000E+00	  0.0000E+00	  0.0000E+00	  0.0000E+00	  0.0000E+00	  0.0000E+00	  0.0000E+00	  0.0000E+00	  0.0000E+00	  0.0000E+00	  0.0000E+00	  0.0000E+00
  0.0000E+00	  0.0000E+00	  0.0000E+00	  0.0000E+00	  0.0000E+00	  0.0000E+00	  0.0000E+00	  0.0000E+00	  0.0000E+00	  0.0000E+00	  0.0000E+00	  0.0000E+00	  0.0000E+00	  0.0000E+00	  0.0000E+00	  0.0000E+00	  2.8136E-01	  1.2235E+00	  4.9750E+00	  7.2356E+00	  1.0967E+01	  1.6432E+01	  1.7022E+01	  1.9490E+01	  2.5127E+01	  3.7245E+01	  4.3127E+01	  4.5316E+01	  5.3148E+01	  5.4053E+01	  6.0042E+01	  5.8457E+01	  7.1791E+01	  8.3005E+01	  8.5307E+01	  8.8519E+01	  8.8209E+01	  9.8431E+01	  9.8431E+01	  1.0308E+02	  9.8274E+01	  1.0168E+02	  1.0189E+02	  9.2060E+01	  8.7660E+01	  7.5581E+01	  7.2946E+01	  7.1534E+01	  6.3553E+01	  6.1746E+01	  5.8476E+01	  5.4111E+01	  4.8686E+01	  3.4959E+01	  3.0595E+01	  2.5301E+01	  2.2938E+01	  1.3213E+01	  9.5655E+00	  3.5790E+00	  6.5433E-02	  0.0000E+00	  0.0000E+00	  0.0000E+00	  0.0000E+00	  0.0000E+00	  0.0000E+00	  0.0000E+00	  0.0000E+00	  0.0000E+00	  0.0000E+00	  0.0000E+00	  0.0000E+00	  0.0000E+00	  0.0000E+00	  0.0000E+00	  0.0000E+00	  0.0000E+00	  0.0000E+00	  0.0000E+00
  0.0000E+00	  0.0000E+00	  0.0000E+00	  0.0000E+00	  0.0000E+00	  0.0000E+00	  0.0000E+00	  0.0000E+00	  0.0000E+00	  0.0000E+00	  0.0000E+00	  0.0000E+00	  0.0000E+00	  0.0000E+00	  0.0000E+00	  0.0000E+00	  0.0000E+00	  7.0863E-01	  2.9411E+00	  5.8838E+00	  8.3660E+00	  1.3408E+01	  1.8523E+01	  1.6882E+01	  2.9293E+01	  3.2157E+01	  4.0864E+01	  4.6670E+01	  5.5328E+01	  5.8333E+01	  6.2766E+01	  6.0383E+01	  6.9494E+01	  7.7146E+01	  7.6912E+01	  8.7359E+01	  9.1512E+01	  9.6276E+01	  9.7925E+01	  1.0265E+02	  1.0124E+02	  9.3355E+01	  9.2442E+01	  9.7979E+01	  8.5138E+01	  8.3154E+01	  7.8463E+01	  6.8154E+01	  6.3778E+01	  5.9396E+01	  5.5515E+01	  5.1623E+01	  4.4178E+01	  3.5677E+01	  3.1429E+01	  3.1534E+01	  2.2503E+01	  1.4375E+01	  1.2479E+01	  4.8002E+00	  6.2228E-01	  0.0000E+00	  0.0000E+00	  0.0000E+00	  0.0000E+00	  0.0000E+00	  0.0000E+00	  0.0000E+00	  0.0000E+00	  0.0000E+00	  0.0000E+00	  0.0000E+00	  0.0000E+00	  0.0000E+00	  0.0000E+00	  0.0000E+00	  0.0000E+00	  0.0000E+00	  0.0000E+00	  0.0000E+00
  0.0000E+00	  0.0000E+00	  0.0000E+00	  0.0000E+00	  0.0000E+00	  0.0000E+00	  0.0000E+00	  0.0000E+00	  0.0000E+00	  0.0000E+00	  0.0000E+00	  0.0000E+00	  0.0000E+00	  0.0000E+00	  0.0000E+00	  0.0000E+00	  0.0000E+00	  5.1146E-01	  2.4154E+00	  4.7408E+00	  8.6671E+00	  1.1477E+01	  2.0952E+01	  2.2202E+01	  2.9622E+01	  3.1446E+01	  4.0696E+01	  4.5231E+01	  5.4494E+01	  5.7680E+01	  5.0862E+01	  6.7287E+01	  7.4088E+01	  6.8986E+01	  6.7570E+01	  8.2722E+01	  8.7024E+01	  9.0191E+01	  8.8480E+01	  1.0243E+02	  9.8000E+01	  9.4582E+01	  9.8602E+01	  9.9922E+01	  9.3001E+01	  8.5091E+01	  8.1243E+01	  7.7626E+01	  7.2077E+01	  6.3753E+01	  5.3518E+01	  5.2433E+01	  4.4406E+01	  3.9686E+01	  3.2581E+01	  2.8097E+01	  2.3604E+01	  1.7877E+01	  1.4392E+01	  5.5787E+00	  1.5917E+00	  1.1253E-01	  0.0000E+00	  0.0000E+00	  0.0000E+00	  0.0000E+00	  0.0000E+00	  0.0000E+00	  0.0000E+00	  0.0000E+00	  0.0000E+00	  0.0000E+00	  0.0000E+00	  0.0000E+00	  0.0000E+00	  0.0000E+00	  0.0000E+00	  0.0000E+00	  0.0000E+00	  0.0000E+00
  0.0000E+00	  0.0000E+00	  0.0000E+00	  0.0000E+00	  0.0000E+00	  0.0000E+00	  0.0000E+00	  0.0000E+00	  0.0000E+00	  0.0000E+00	  0.0000E+00	  0.0000E+00	  0.0000E+00	  0.0000E+00	  0.0000E+00	  0.0000E+00	  0.0000E+00	  8.4345E-02	  1.6285E+00	  6.0121E+00	  9.2112E+00	  1.1112E+01	  1.6124E+01	  2.3028E+01	  2.6750E+01	  2.8289E+01	  3.5496E+01	  3.6616E+01	  4.3901E+01	  5.1348E+01	  5.4117E+01	  6.5711E+01	  7.8673E+01	  6.7755E+01	  7.3994E+01	  8.7732E+01	  9.0441E+01	  9.8735E+01	  9.5184E+01	  1.0625E+02	  9.9559E+01	  1.0485E+02	  1.0096E+02	  9.5404E+01	  9.2576E+01	  8.4971E+01	  7.9331E+01	  7.7868E+01	  7.0796E+01	  6.2926E+01	  5.1948E+01	  4.7552E+01	  4.0790E+01	  3.6500E+01	  3.7429E+01	  3.1495E+01	  2.8698E+01	  2.2304E+01	  1.2831E+01	  6.9586E+00	  1.7277E+00	  7.2323E-02	  0.0000E+00	  0.0000E+00	  0.0000E+00	  0.0000E+00	  0.0000E+00	  0.0000E+00	  0.0000E+00	  0.0000E+00	  0.0000E+00	  0.0000E+00	  0.0000E+00	  0.0000E+00	  0.0000E+00	  0.0000E+00	  0.0000E+00	  0.0000E+00	  0.0000E+00	  0.0000E+00
  0.0000E+00	  0.0000E+00	  0.0000E+00	  0.0000E+00	  0.0000E+00	  0.0000E+00	  0.0000E+00	  0.0000E+00	  0.0000E+00	  0.0000E+00	  0.0000E+00	  0.0000E+00	  0.0000E+00	  0.0000E+00	  0.0000E+00	  0.0000E+00	  0.0000E+00	  6.3485E-02	  1.5807E+00	  3.2078E+00	  8.2285E+00	  1.1638E+01	  1.5653E+01	  1.8348E+01	  2.1687E+01	  2.5133E+01	  3.2086E+01	  3.5177E+01	  5.5143E+01	  4.6977E+01	  5.0923E+01	  6.0486E+01	  6.7758E+01	  6.8607E+01	  7.1932E+01	  7.9316E+01	  9.0283E+01	  8.8232E+01	  1.0380E+02	  1.0722E+02	  1.0593E+02	  1.0542E+02	  9.8589E+01	  9.3323E+01	  8.9126E+01	  8.5167E+01	  7.9505E+01	  8.4117E+01	  7.1763E+01	  6.6250E+01	  5.3935E+01	  4.6185E+01	  4.1636E+01	  3.4107E+01	  3.5425E+01	  3.3132E+01	  2.5696E+01	  1.9100E+01	  1.3183E+01	  1.0228E+01	  3.1699E+00	  2.2415E-01	  0.0000E+00	  0.0000E+00	  0.0000E+00	  0.0000E+00	  0.0000E+00	  0.0000E+00	  0.0000E+00	  0.0000E+00	  0.0000E+00	  0.0000E+00	  0.0000E+00	  0.0000E+00	  0.0000E+00	  0.0000E+00	  0.0000E+00	  0.0000E+00	  0.0000E+00	  0.0000E+00
  0.0000E+00	  0.0000E+00	  0.0000E+00	  0.0000E+00	  0.0000E+00	  0.0000E+00	  0.0000E+00	  0.0000E+00	  0.0000E+00	  0.0000E+00	  0.0000E+00	  0.0000E+00	  0.0000E+00	  0.0000E+00	  0.0000E+00	  0.0000E+00	  0.0000E+00	  4.8325E-02	  2.6991E+00	  3.6006E+00	  7.5057E+00	  1.0374E+01	  1.3648E+01	  2.1868E+01	  2.6677E+01	  3.3119E+01	  3.2613E+01	  3.6155E+01	  4.7023E+01	  4.8344E+01	  6.0653E+01	  5.9489E+01	  6.7332E+01	  7.3499E+01	  7.2210E+01	  7.1101E+01	  8.6980E+01	  9.3377E+01	  1.0264E+02	  1.0394E+02	  9.9949E+01	  9.8985E+01	  9.6297E+01	  9.2622E+01	  8.8609E+01	  7.9791E+01	  7.7411E+01	  8.3388E+01	  7.0426E+01	  6.3635E+01	  5.8964E+01	  5.4078E+01	  5.3704E+01	  3.9169E+01	  3.5475E+01	  2.9111E+01	  2.4330E+01	  1.7568E+01	  1.6399E+01	  1.0392E+01	  4.2668E+00	  5.6908E-01	  0.0000E+00	  0.0000E+00	  0.0000E+00	  0.0000E+00	  0.0000E+00	  0.0000E+00	  0.0000E+00	  0.0000E+00	  0.0000E+00	  0.0000E+00	  0.0000E+00	  0.0000E+00	  0.0000E+00	  0.0000E+00	  0.0000E+00	  0.0000E+00	  0.0000E+00	  0.0000E+00
  0.0000E+00	  0.0000E+00	  0.0000E+00	  0.0000E+00	  0.0000E+00	  0.0000E+00	  0.0000E+00	  0.0000E+00	  0.0000E+00	  0.0000E+00	  0.0000E+00	  0.0000E+00	  0.0000E+00	  0.0000E+00	  0.0000E+00	  0.0000E+00	  0.0000E+00	  9.9949E-03	  1.0379E+00	  3.5919E+00	  7.0223E+00	  9.7274E+00	  1.7213E+01	  2.0806E+01	  2.1083E+01	  2.5855E+01	  3.1028E+01	  3.9160E+01	  4.4016E+01	  5.0121E+01	  5.7520E+01	  5.2337E+01	  6.5036E+01	  6.4541E+01	  7.9250E+01	  7.9444E+01	  8.3428E+01	  9.0093E+01	  9.7353E+01	  9.8421E+01	  1.0411E+02	  9.9690E+01	  9.5512E+01	  9.8310E+01	  9.0018E+01	  9.4157E+01	  8.5930E+01	  8.0184E+01	  7.0135E+01	  6.3295E+01	  5.8429E+01	  5.1427E+01	  4.7834E+01	  4.4553E+01	  3.8082E+01	  3.1962E+01	  2.8122E+01	  2.4505E+01	  1.6197E+01	  9.8803E+00	  5.6205E+00	  1.1990E+00	  0.0000E+00	  0.0000E+00	  0.0000E+00	  0.0000E+00	  0.0000E+00	  0.0000E+00	  0.0000E+00	  0.0000E+00	  0.0000E+00	  0.0000E+00	  0.0000E+00	  0.0000E+00	  0.0000E+00	  0.0000E+00	  0.0000E+00	  0.0000E+00	  0.0000E+00	  0.0000E+00
  0.0000E+00	  0.0000E+00	  0.0000E+00	  0.0000E+00	  0.0000E+00	  0.0000E+00	  0.0000E+00	  0.0000E+00	  0.0000E+00	  0.0000E+00	  0.0000E+00	  0.0000E+00	  0.0000E+00	  0.0000E+00	  0.0000E+00	  0.0000E+00	  0.0000E+00	  0.0000E+00	  4.6263E-02	  1.9238E+00	  5.9315E+00	  1.0030E+01	  1.6579E+01	  1.8830E+01	  2.1966E+01	  2.4626E+01	  2.9186E+01	  3.2783E+01	  4.2495E+01	  4.4853E+01	  4.8758E+01	  5.6910E+01	  7.0704E+01	  7.3733E+01	  7.8662E+01	  7.8020E+01	  9.7234E+01	  9.3602E+01	  9.6837E+01	  1.0050E+02	  1.0406E+02	  1.0249E+02	  1.0152E+02	  1.0192E+02	  9.2390E+01	  9.3588E+01	  8.4944E+01	  7.6821E+01	  7.3747E+01	  6.7911E+01	  5.9088E+01	  4.9097E+01	  4.4610E+01	  4.0250E+01	  3.7522E+01	  3.3594E+01	  3.2940E+01	  2.3770E+01	  1.6821E+01	  1.0050E+01	  5.2223E+00	  9.6169E-01	  0.0000E+00	  0.0000E+00	  0.0000E+00	  0.0000E+00	  0.0000E+00	  0.0000E+00	  0.0000E+00	  0.0000E+00	  0.0000E+00	  0.0000E+00	  0.0000E+00	  0.0000E+00	  0.0000E+00	  0.0000E+00	  0.0000E+00	  0.0000E+00	  0.0000E+00	  0.0000E+00
  0.0000E+00	  0.0000E+00	  0.0000E+00	  0.0000E+00	  0.0000E+00	  0.0000E+00	  0.0000E+00	  0.0000E+00	  0.0000E+00	  0.0000E+00	  0.0000E+00	  0.0000E+00	  0.0000E+00	  0.0000E+00	  0.0000E+00	  0.0000E+00	  0.0000E+00	  0.0000E+00	  1.6868E-01	  1.6614E+00	  4.2811E+00	  6.3562E+00	  1.2042E+01	  1.5556E+01	  2.3364E+01	  2.6301E+01	  2.9962E+01	  2.8155E+01	  3.5133E+01	  4.9285E+01	  4.9768E+01	  5.9552E+01	  6.8730E+01	  7.3677E+01	  7.8945E+01	  7.6091E+01	  8.9220E+01	  8.7375E+01	  8.9237E+01	  9.3943E+01	  9.4678E+01	  9.8187E+01	  1.0624E+02	  1.0087E+02	  9.5190E+01	  8.7725E+01	  7.9482E+01	  8.0399E+01	  6.9046E+01	  7.1200E+01	  6.1834E+01	  5.9627E+01	  4.9865E+01	  4.1709E+01	  4.3257E+01	  3.5744E+01	  3.7583E+01	  2.6884E+01	  2.1730E+01	  1.3958E+01	  7.6880E+00	  1.5554E+00	  0.0000E+00	  0.0000E+00	  0.0000E+00	  0.0000E+00	  0.0000E+00	  0.0000E+00	  0.0000E+00	  0.0000E+00	  0.0000E+00	  0.0000E+00	  0.0000E+00	  0.0000E+00	  0.0000E+00	  0.0000E+00	  0.0000E+00	  0.0000E+00	  0.0000E+00	  0.0000E+00
  0.0000E+00	  0.0000E+00	  0.0000E+00	  0.0000E+00	  0.0000E+00	  0.0000E+00	  0.0000E+00	  0.0000E+00	  0.0000E+00	  0.0000E+00	  0.0000E+00	  0.0000E+00	  0.0000E+00	  0.0000E+00	  0.0000E+00	  0.0000E+00	  0.0000E+00	  0.0000E+00	  2.2082E-01	  7.1995E-01	  3.6941E+00	  7.4135E+00	  1.0981E+01	  1.4735E+01	  2.2325E+01	  2.7039E+01	  3.0291E+01	  3.2065E+01	  3.7843E+01	  4.5851E+01	  4.9002E+01	  5.6696E+01	  6.0461E+01	  6.7255E+01	  7.9862E+01	  7.6461E+01	  8.0869E+01	  9.3400E+01	  8.9846E+01	  9.3830E+01	  1.0240E+02	  1.0158E+02	  9.8510E+01	  1.0138E+02	  9.2522E+01	  9.5803E+01	  8.6078E+01	  7.6671E+01	  7.2714E+01	  7.3057E+01	  6.5441E+01	  6.0048E+01	  5.8026E+01	  5.1671E+01	  4.5280E+01	  3.9097E+01	  3.3764E+01	  2.5146E+01	  2.0546E+01	  1.2732E+01	  7.5244E+00	  3.1784E+00	  4.5144E-01	  0.0000E+00	  0.0000E+00	  0.0000E+00	  0.0000E+00	  0.0000E+00	  0.0000E+00	  0.0000E+00	  0.0000E+00	  0.0000E+00	  0.0000E+00	  0.0000E+00	  0.0000E+00	  0.0000E+00	  0.0000E+00	  0.0000E+00	  0.0000E+00	  0.0000E+00
  0.0000E+00	  0.0000E+00	  0.0000E+00	  0.0000E+00	  0.0000E+00	  0.0000E+00	  0.0000E+00	  0.0000E+00	  0.0000E+00	  0.0000E+00	  0.0000E+00	  0.0000E+00	  0.0000E+00	  0.0000E+00	  0.0000E+00	  0.0000E+00	  0.0000E+00	  0.0000E+00	  0.0000E+00	  1.0863E+00	  3.0321E+00	  6.8801E+00	  1.0068E+01	  1.4294E+01	  1.8215E+01	  2.1391E+01	  2.5852E+01	  3.1160E+01	  3.4934E+01	  3.9429E+01	  5.0047E+01	  5.7722E+01	  5.9169E+01	  5.9107E+01	  7.1914E+01	  7.5437E+01	  8.1977E+01	  9.6113E+01	  8.9836E+01	  8.7842E+01	  1.0969E+02	  1.0099E+02	  1.0022E+02	  9.9090E+01	  9.1881E+01	  9.3425E+01	  9.1460E+01	  8.5852E+01	  7.9966E+01	  7.2287E+01	  5.7802E+01	  5.8449E+01	  5.2660E+01	  4.7789E+01	  4.6775E+01	  3.8737E+01	  3.0616E+01	  2.3754E+01	  2.2838E+01	  1.4175E+01	  9.9206E+00	  4.0921E+00	  1.7961E+00	  8.1871E-03	  0.0000E+00	  0.0000E+00	  0.0000E+00	  0.0000E+00	  0.0000E+00	  0.0000E+00	  0.0000E+00	  0.0000E+00	  0.0000E+00	  0.0000E+00	  0.0000E+00	  0.0000E+00	  0.0000E+00	  0.0000E+00	  0.0000E+00	  0.0000E+00
  0.0000E+00	  0.0000E+00	  0.0000E+00	  0.0000E+00	  0.0000E+00	  0.0000E+00	  0.0000E+00	  0.0000E+00	  0.0000E+00	  0.0000E+00	  0.0000E+00	  0.0000E+00	  0.0000E+00	  0.0000E+00	  0.0000E+00	  0.0000E+00	  0.0000E+00	  0.0000E+00	  0.0000E+00	  4.8117E-01	  2.6387E+00	  6.2379E+00	  6.6067E+00	  1.0193E+01	  2.1474E+01	  2.4508E+01	  2.7768E+01	  2.9446E+01	  3.8349E+01	  4.6805E+01	  5.3004E+01	  5.6088E+01	  5.9527E+01	  5.7498E+01	  5.8220E+01	  7.1834E+01	  8.3772E+01	  8.1849E+01	  8.7572E+01	  9.9639E+01	  1.0778E+02	  9.8661E+01	  9.9485E+01	  1.0170E+02	  1.1389E+02	  1.0047E+02	  9.5346E+01	  8.5212E+01	  7.6169E+01	  6.5347E+01	  6.4229E+01	  6.7339E+01	  5.6685E+01	  5.1114E+01	  4.8011E+01	  4.2113E+01	  2.9254E+01	  2.5946E+01	  2.2592E+01	  1.4643E+01	  1.0568E+01	  4.5541E+00	  1.5920E+00	  1.7178E-02	  0.0000E+00	  0.0000E+00	  0.0000E+00	  0.0000E+00	  0.0000E+00	  0.0000E+00	  0.0000E+00	  0.0000E+00	  0.0000E+00	  0.0000E+00	  0.0000E+00	  0.0000E+00	  0.0000E+00	  0.0000E+00	  0.0000E+00	  0.0000E+00
  0.0000E+00	  0.0000E+00	  0.0000E+00	  0.0000E+00	  0.0000E+00	  0.0000E+00	  0.0000E+00	  0.0000E+00	  0.0000E+00	  0.0000E+00	  0.0000E+00	  0.0000E+00	  0.0000E+00	  0.0000E+00	  0.0000E+00	  0.0000E+00	  0.0000E+00	  0.0000E+00	  0.0000E+00	  8.0175E-02	  6.2028E-01	  5.3769E+00	  8.0773E+00	  1.3252E+01	  1.9572E+01	  1.9032E+01	  2.4287E+01	  3.1128E+01	  3.8712E+01	  4.5211E+01	  4.9116E+01	  4.2046E+01	  5.1364E+01	  5.6650E+01	  6.8074E+01	  7.7670E+01	  7.4909E+01	  8.0865E+01	  8.4274E+01	  9.3760E+01	  9.8540E+01	  1.0197E+02	  1.0607E+02	  1.0614E+02	  1.0469E+02	  9.4106E+01	  9.7435E+01	  8.7013E+01	  7.3909E+01	  7.4514E+01	  7.0584E+01	  6.4352E+01	  5.9980E+01	  5.0886E+01	  4.7663E+01	  4.2805E+01	  3.5071E+01	  2.9548E+01	  2.5118E+01	  2.3240E+01	  1.5251E+01	  6.4901E+00	  2.9818E+00	  5.2953E-02	  0.0000E+00	  0.0000E+00	  0.0000E+00	  0.0000E+00	  0.0000E+00	  0.0000E+00	  0.0000E+00	  0.0000E+00	  0.0000E+00	  0.0000E+00	  0.0000E+00	  0.0000E+00	  0.0000E+00	  0.0000E+00	  0.0000E+00	  0.0000E+00
  0.0000E+00	  0.0000E+00	  0.0000E+00	  0.0000E+00	  0.0000E+00	  0.0000E+00	  0.0000E+00	  0.0000E+00	  0.0000E+00	  0.0000E+00	  0.0000E+00	  0.0000E+00	  0.0000E+00	  0.0000E+00	  0.0000E+00	  0.0000E+00	  0.0000E+00	  0.0000E+00	  0.0000E+00	  0.0000E+00	  3.4178E-01	  3.9940E+00	  1.0505E+01	  1.0844E+01	  1.5877E+01	  1.6115E+01	  2.5102E+01	  2.8244E+01	  3.0232E+01	  3.8000E+01	  4.2636E+01	  4.4813E+01	  5.6466E+01	  5.8792E+01	  7.4221E+01	  7.6243E+01	  7.4516E+01	  8.7964E+01	  8.2199E+01	  8.8032E+01	  9.9756E+01	  1.0323E+02	  1.0862E+02	  1.0531E+02	  9.8976E+01	  8.9913E+01	  9.1373E+01	  9.4140E+01	  7.8559E+01	  7.6534E+01	  7.1427E+01	  5.9989E+01	  5.4950E+01	  5.0783E+01	  4.7472E+01	  5.0481E+01	  3.9320E+01	  2.9190E+01	  2.3256E+01	  1.8841E+01	  1.4372E+01	  9.1117E+00	  2.0475E+00	  4.9912E-01	  0.0000E+00	  0.0000E+00	  0.0000E+00	  0.0000E+00	  0.0000E+00	  0.0000E+00	  0.0000E+00	  0.0000E+00	  0.0000E+00	  0.0000E+00	  0.0000E+00	  0.0000E+00	  0.0000E+00	  0.0000E+00	  0.0000E+00	  0.0000E+00
  0.0000E+00	  0.0000E+00	  0.0000E+00	  0.0000E+00	  0.0000E+00	  0.0000E+00	  0.0000E+00	  0.0000E+00	  0.0000E+00	  0.0000E+00	  0.0000E+00	  0.0000E+00	  0.0000E+00	  0.0000E+00	  0.0000E+00	  0.0000E+00	  0.0000E+00	  0.0000E+00	  0.0000E+00	  0.0000E+00	  2.8451E-01	  1.9264E+00	  6.8342E+00	  9.8209E+00	  1.4026E+01	  1.5673E+01	  2.0546E+01	  3.3318E+01	  3.6483E+01	  3.5161E+01	  3.5394E+01	  4.2510E+01	  5.4611E+01	  5.8740E+01	  6.7510E+01	  7.1378E+01	  7.7254E+01	  8.3731E+01	  8.1970E+01	  9.6763E+01	  9.9444E+01	  9.1235E+01	  1.0402E+02	  9.9605E+01	  1.0201E+02	  1.0138E+02	  9.3780E+01	  8.5990E+01	  7.8219E+01	  7.1204E+01	  6.8312E+01	  6.4120E+01	  5.9359E+01	  5.1831E+01	  4.7038E+01	  4.2088E+01	  3.9300E+01	  2.7295E+01	  2.6947E+01	  2.0813E+01	  1.5937E+01	  1.1155E+01	  4.6488E+00	  3.1534E-01	  0.0000E+00	  0.0000E+00	  0.0000E+00	  0.0000E+00	  0.0000E+00	  0.0000E+00	  0.0000E+00	  0.0000E+00	  0.0000E+00	  0.0000E+00	  0.0000E+00	  0.0000E+00	  0.0000E+00	  0.0000E+00	  0.0000E+00	  0.0000E+00
  0.0000E+00	  0.0000E+00	  0.0000E+00	  0.0000E+00	  0.0000E+00	  0.0000E+00	  0.0000E+00	  0.0000E+00	  0.0000E+00	  0.0000E+00	  0.0000E+00	  0.0000E+00	  0.0000E+00	  0.0000E+00	  0.0000E+00	  0.0000E+00	  0.0000E+00	  0.0000E+00	  0.0000E+00	  0.0000E+00	  3.0183E-02	  1.5107E+00	  4.2575E+00	  7.4224E+00	  1.0388E+01	  1.4646E+01	  1.7670E+01	  2.5470E+01	  2.9556E+01	  3.7856E+01	  4.8806E+01	  4.3371E+01	  5.1886E+01	  5.8074E+01	  6.1682E+01	  7.7910E+01	  7.7375E+01	  7.2004E+01	  8.6499E+01	  9.1438E+01	  9.8240E+01	  9.3995E+01	  9.8848E+01	  1.0477E+02	  1.0179E+02	  9.9536E+01	  8.8871E+01	  9.0541E+01	  9.0199E+01	  7.8527E+01	  7.5347E+01	  6.5482E+01	  6.5140E+01	  5.5575E+01	  5.7409E+01	  4.1336E+01	  4.0113E+01	  3.1449E+01	  2.8411E+01	  2.3962E+01	  1.6731E+01	  1.1336E+01	  4.7550E+00	  5.8773E-01	  0.0000E+00	  0.0000E+00	  0.0000E+00	  0.0000E+00	  0.0000E+00	  0.0000E+00	  0.0000E+00	  0.0000E+00	  0.0000E+00	  0.0000E+00	  0.0000E+00	  0.0000E+00	  0.0000E+00	  0.0000E+00	  0.0000E+00	  0.0000E+00
  0.0000E+00	  0.0000E+00	  0.0000E+00	  0.0000E+00	  0.0000E+00	  0.0000E+00	  0.0000E+00	  0.0000E+00	  0.0000E+00	  0.0000E+00	  0.0000E+00	  0.0000E+00	  0.0000E+00	  0.0000E+00	  0.0000E+00	  0.0000E+00	  0.0000E+00	  0.0000E+00	  0.0000E+00	  0.0000E+00	  1.9094E-01	  1.5297E+00	  4.6068E+00	  9.9695E+00	  1.3664E+01	  1.7793E+01	  1.8612E+01	  2.2563E+01	  2.6202E+01	  3.8649E+01	  4.6017E+01	  5.1297E+01	  5.5204E+01	  5.6674E+01	  5.7541E+01	  7.1353E+01	  7.5135E+01	  8.9087E+01	  9.0940E+01	  9.9287E+01	  9.5844E+01	  9.9403E+01	  1.0531E+02	  9.9341E+01	  1.0892E+02	  1.0316E+02	  9.0741E+01	  9.1278E+01	  8.0567E+01	  7.4092E+01	  7.8366E+01	  6.7206E+01	  6.0573E+01	  6.4545E+01	  5.1205E+01	  4.7608E+01	  3.8590E+01	  3.2775E+01	  3.1874E+01	  2.4988E+01	  1.4318E+01	  1.0086E+01	  4.5039E+00	  1.3241E+00	  2.5161E-02	  0.0000E+00	  0.0000E+00	  0.0000E+00	  0.0000E+00	  0.0000E+00	  0.0000E+00	  0.0000E+00	  0.0000E+00	  0.0000E+00	  0.0000E+00	  0.0000E+00	  0.0000E+00	  0.0000E+00	  0.0000E+00	  0.0000E+00
  0.0000E+00	  0.0000E+00	  0.0000E+00	  0.0000E+00	  0.0000E+00	  0.0000E+00	  0.0000E+00	  0.0000E+00	  0.0000E+00	  0.0000E+00	  0.0000E+00	  0.0000E+00	  0.0000E+00	  0.0000E+00	  0.0000E+00	  0.0000E+00	  0.0000E+00	  0.0000E+00	  0.0000E+00	  0.0000E+00	  2.4033E-02	  6.5364E-01	  4.5896E+00	  6.5217E+00	  1.2948E+01	  1.7559E+01	  2.0945E+01	  2.5206E+01	  3.0333E+01	  3.5366E+01	  4.8811E+01	  4.4175E+01	  4.6600E+01	  5.5515E+01	  6.1374E+01	  6.8138E+01	  7.3338E+01	  8.0102E+01	  8.1958E+01	  9.5310E+01	  9.3316E+01	  9.2128E+01	  1.0241E+02	  1.0107E+02	  1.0491E+02	  1.0316E+02	  1.0492E+02	  9.7773E+01	  8.8234E+01	  7.8352E+01	  7.3251E+01	  7.1022E+01	  6.5948E+01	  5.7230E+01	  5.2848E+01	  4.5767E+01	  3.9865E+01	  3.7905E+01	  3.2917E+01	  2.3812E+01	  1.6911E+01	  1.5393E+01	  7.3450E+00	  3.4350E+00	  7.0288E-02	  0.0000E+00	  0.0000E+00	  0.0000E+00	  0.0000E+00	  0.0000E+00	  0.0000E+00	  0.0000E+00	  0.0000E+00	  0.0000E+00	  0.0000E+00	  0.0000E+00	  0.0000E+00	  0.0000E+00	  0.0000E+00	  0.0000E+00
  0.0000E+00	  0.0000E+00	  0.0000E+00	  0.0000E+00	  0.0000E+00	  0.0000E+00	  0.0000E+00	  0.0000E+00	  0.0000E+00	  0.0000E+00	  0.0000E+00	  0.0000E+00	  0.0000E+00	  0.0000E+00	  0.0000E+00	  0.0000E+00	  0.0000E+00	  0.0000E+00	  0.0000E+00	  0.0000E+00	  0.0000E+00	  6.6856E-02	  4.1258E+00	  7.3347E+00	  1.1430E+01	  1.6542E+01	  2.0192E+01	  2.3686E+01	  2.5869E+01	  3.0791E+01	  3.8292E+01	  4.5201E+01	  5.3242E+01	  5.7321E+01	  6.2168E+01	  6.8413E+01	  6.9639E+01	  6.9485E+01	  7.7107E+01	  9.4395E+01	  9.2253E+01	  9.9227E+01	  1.0438E+02	  1.0527E+02	  1.0148E+02	  1.0821E+02	  1.0023E+02	  9.1920E+01	  8.9850E+01	  8.0140E+01	  7.5202E+01	  7.6798E+01	  7.2845E+01	  6.0467E+01	  5.4502E+01	  4.2468E+01	  3.8816E+01	  3.7092E+01	  2.7089E+01	  2.7545E+01	  2.0178E+01	  1.1323E+01	  1.1018E+01	  3.2746E+00	  7.6451E-03	  0.0000E+00	  0.0000E+00	  0.0000E+00	  0.0000E+00	  0.0000E+00	  0.0000E+00	  0.0000E+00	  0.0000E+00	  0.0000E+00	  0.0000E+00	  0.0000E+00	  0.0000E+00	  0.0000E+00	  0.0000E+00	  0.0000E+00
  0.0000E+00	  0.0000E+00	  0.0000E+00	  0.0000E+00	  0.0000E+00	  0.0000E+00	  0.0000E+00	  0.0000E+00	  0.0000E+00	  0.0000E+00	  0.0000E+00	  0.0000E+00	  0.0000E+00	  0.0000E+00	  0.0000E+00	  0.0000E+00	  0.0000E+00	  0.0000E+00	  0.0000E+00	  0.0000E+00	  9.6038E-03	  7.6754E-01	  2.4680E+00	  3.9004E+00	  9.1719E+00	  1.4428E+01	  1.6481E+01	  2.1657E+01	  2.3208E+01	  3.4345E+01	  3.9820E+01	  4.3420E+01	  4.8968E+01	  5.3767E+01	  5.9191E+01	  6.9170E+01	  7.2928E+01	  6.9135E+01	  8.0258E+01	  8.7049E+01	  9.1936E+01	  1.0439E+02	  1.0908E+02	  1.0399E+02	  1.0001E+02	  1.0692E+02	  1.0282E+02	  8.7662E+01	  8.8923E+01	  7.7790E+01	  7.7758E+01	  7.7728E+01	  6.7846E+01	  6.1116E+01	  5.7394E+01	  4.1901E+01	  3.9836E+01	  3.9227E+01	  2.8530E+01	  2.1726E+01	  1.8861E+01	  1.5157E+01	  1.1534E+01	  6.2149E+00	  1.1722E+00	  0.0000E+00	  0.0000E+00	  0.0000E+00	  0.0000E+00	  0.0000E+00	  0.0000E+00	  0.0000E+00	  0.0000E+00	  0.0000E+00	  0.0000E+00	  0.0000E+00	  0.0000E+00	  0.0000E+00	  0.0000E+00	  0.0000E+00
  0.0000E+00	  0.0000E+00	  0.0000E+00	  0.0000E+00	  0.0000E+00	  0.0000E+00	  0.0000E+00	  0.0000E+00	  0.0000E+00	  0.0000E+00	  0.0000E+00	  0.0000E+00	  0.0000E+00	  0.0000E+00	  0.0000E+00	  0.0000E+00	  0.0000E+00	  0.0000E+00	  0.0000E+00	  0.0000E+00	  1.1037E-03	  8.3238E-01	  2.3665E+00	  5.9431E+00	  1.0874E+01	  1.5548E+01	  1.7490E+01	  2.4672E+01	  2.3764E+01	  2.8734E+01	  3.8202E+01	  3.9399E+01	  4.4706E+01	  5.7352E+01	  5.7738E+01	  6.8452E+01	  7.4360E+01	  7.4107E+01	  9.1976E+01	  8.6989E+01	  9.1215E+01	  9.3017E+01	  9.9614E+01	  1.0333E+02	  1.0128E+02	  1.0387E+02	  9.4301E+01	  8.8016E+01	  8.9327E+01	  9.1058E+01	  7.7023E+01	  7.9666E+01	  6.5731E+01	  5.5207E+01	  5.4150E+01	  3.9392E+01	  3.5570E+01	  3.7485E+01	  3.5741E+01	  2.3684E+01	  1.8656E+01	  1.8643E+01	  1.2138E+01	  6.5954E+00	  7.5890E-01	  2.1518E-02	  0.0000E+00	  0.0000E+00	  0.0000E+00	  0.0000E+00	  0.0000E+00	  0.0000E+00	  0.0000E+00	  0.0000E+00	  0.0000E+00	  0.0000E+00	  0.0000E+00	  0.0000E+00	  0.0000E+00	  0.0000E+00
  0.0000E+00	  0.0000E+00	  0.0000E+00	  0.0000E+00	  0.0000E+00	  0.0000E+00	  0.0000E+00	  0.0000E+00	  0.0000E+00	  0.0000E+00	  0.0000E+00	  0.0000E+00	  0.0000E+00	  0.0000E+00	  0.0000E+00	  0.0000E+00	  0.0000E+00	  0.0000E+00	  0.0000E+00	  0.0000E+00	  0.0000E+00	  4.4190E-02	  1.0760E+00	  6.2462E+00	  1.3030E+01	  1.5674E+01	  1.7243E+01	  2.2236E+01	  2.3368E+01	  2.8166E+01	  3.3135E+01	  4.1629E+01	  4.8986E+01	  5.5456E+01	  6.0388E+01	  6.8452E+01	  6.7694E+01	  7.3332E+01	  7.9222E+01	  7.8250E+01	  8.6255E+01	  9.4356E+01	  9.6849E+01	  1.0135E+02	  9.2688E+01	  1.0453E+02	  9.2393E+01	  8.6835E+01	  7.8032E+01	  7.8653E+01	  7.2044E+01	  7.3085E+01	  6.4962E+01	  5.4399E+01	  4.8116E+01	  4.3763E+01	  4.0156E+01	  2.8752E+01	  2.9114E+01	  2.3295E+01	  2.1919E+01	  1.2419E+01	  9.5823E+00	  7.0562E+00	  1.9334E+00	  2.5208E-01	  0.0000E+00	  0.0000E+00	  0.0000E+00	  0.0000E+00	  0.0000E+00	  0.0000E+00	  0.0000E+00	  0.0000E+00	  0.0000E+00	  0.0000E+00	  0.0000E+00	  0.0000E+00	  0.0000E+00	  0.0000E+00
  0.0000E+00	  0.0000E+00	  0.0000E+00	  0.0000E+00	  0.0000E+00	  0.0000E+00	  0.0000E+00	  0.0000E+00	  0.0000E+00	  0.0000E+00	  0.0000E+00	  0.0000E+00	  0.0000E+00	  0.0000E+00	  0.0000E+00	  0.0000E+00	  0.0000E+00	  0.0000E+00	  0.0000E+00	  0.0000E+00	  0.0000E+00	  0.0000E+00	  6.8854E-01	  3.0249E+00	  7.2001E+00	  1.2301E+01	  1.6358E+01	  2.2874E+01	  2.2915E+01	  3.1523E+01	  4.1093E+01	  3.7946E+01	  4.1154E+01	  5.1156E+01	  6.2214E+01	  6.3909E+01	  6.4548E+01	  6.5697E+01	  7.6804E+01	  7.7758E+01	  8.4609E+01	  8.7351E+01	  9.0606E+01	  9.4968E+01	  8.8093E+01	  9.5646E+01	  9.1598E+01	  7.7158E+01	  7.5022E+01	  7.7398E+01	  6.3441E+01	  6.2060E+01	  5.8309E+01	  4.5805E+01	  4.2545E+01	  3.8246E+01	  3.2863E+01	  3.0620E+01	  2.4717E+01	  2.3087E+01	  1.8513E+01	  1.4531E+01	  9.4753E+00	  6.8497E+00	  3.0483E+00	  2.4309E-01	  0.0000E+00	  0.0000E+00	  0.0000E+00	  0.0000E+00	  0.0000E+00	  0.0000E+00	  0.0000E+00	  0.0000E+00	  0.0000E+00	  0.0000E+00	  0.0000E+00	  0.0000E+00	  0.0000E+00	  0.0000E+00
  0.0000E+00	  0.0000E+00	  0.0000E+00	  0.0000E+00	  0.0000E+00	  0.0000E+00	  0.0000E+00	  0.0000E+00	  0.0000E+00	  0.0000E+00	  0.0000E+00	  0.0000E+00	  0.0000E+00	  0.0000E+00	  0.0000E+00	  0.0000E+00	  0.0000E+00	  0.0000E+00	  0.0000E+00	  0.0000E+00	  0.0000E+00	  0.0000E+00	  2.4673E-01	  3.1072E+00	  7.6814E+00	  1.1456E+01	  1.5638E+01	  1.9115E+01	  2.4703E+01	  3.1916E+01	  3.6055E+01	  4.0812E+01	  4.4061E+01	  4.7927E+01	  5.5861E+01	  5.9354E+01	  7.0538E+01	  6.6883E+01	  7.1715E+01	  7.3015E+01	  8.3875E+01	  8.1828E+01	  8.3398E+01	  8.5739E+01	  8.3805E+01	  7.9440E+01	  8.1417E+01	  7.4703E+01	  6.9406E+01	  6.4941E+01	  6.2711E+01	  5.6130E+01	  5.4848E+01	  5.1064E+01	  4.2142E+01	  3.9131E+01	  2.6667E+01	  2.7384E+01	  2.4922E+01	  2.4616E+01	  1.9059E+01	  1.5366E+01	  1.0382E+01	  6.4234E+00	  2.3889E+00	  3.4769E-01	  0.0000E+00	  0.0000E+00	  0.0000E+00	  0.0000E+00	  0.0000E+00	  0.0000E+00	  0.0000E+00	  0.0000E+00	  0.0000E+00	  0.0000E+00	  0.0000E+00	  0.0000E+00	  0.0000E+00	  0.0000E+00
  0.0000E+00	  0.0000E+00	  0.0000E+00	  0.0000E+00	  0.0000E+00	  0.0000E+00	  0.0000E+00	  0.0000E+00	  0.0000E+00	  0.0000E+00	  0.0000E+00	  0.0000E+00	  0.0000E+00	  0.0000E+00	  0.0000E+00	  0.0000E+00	  0.0000E+00	  0.0000E+00	  0.0000E+00	  0.0000E+00	  0.0000E+00	  0.0000E+00	  8.6247E-01	  2.0003E+00	  4.7068E+00	  7.9240E+00	  1.8355E+01	  1.8379E+01	  2.3691E+01	  2.5311E+01	  3.3605E+01	  3.8110E+01	  3.7928E+01	  4.1145E+01	  5.2102E+01	  5.2928E+01	  6.5648E+01	  6.1507E+01	  6.6547E+01	  6.8772E+01	  7.2503E+01	  7.5577E+01	  7.6589E+01	  8.2453E+01	  8.4370E+01	  7.0480E+01	  7.4520E+01	  8.1244E+01	  7.4280E+01	  6.4786E+01	  5.4315E+01	  5.2325E+01	  5.1424E+01	  4.6440E+01	  4.1434E+01	  3.6105E+01	  2.4259E+01	  2.4963E+01	  2.4273E+01	  2.2628E+01	  1.5306E+01	  9.5337E+00	  1.2485E+01	  6.3869E+00	  4.5439E+00	  1.1401E+00	  0.0000E+00	  0.0000E+00	  0.0000E+00	  0.0000E+00	  0.0000E+00	  0.0000E+00	  0.0000E+00	  0.0000E+00	  0.0000E+00	  0.0000E+00	  0.0000E+00	  0.0000E+00	  0.0000E+00	  0.0000E+00
  0.0000E+00	  0.0000E+00	  0.0000E+00	  0.0000E+00	  0.0000E+00	  0.0000E+00	  0.0000E+00	  0.0000E+00	  0.0000E+00	  0.0000E+00	  0.0000E+00	  0.0000E+00	  0.0000E+00	  0.0000E+00	  0.0000E+00	  0.0000E+00	  0.0000E+00	  0.0000E+00	  0.0000E+00	  0.0000E+00	  0.0000E+00	  0.0000E+00	  6.2081E-01	  2.8403E+00	  2.7450E+00	  6.0738E+00	  1.2946E+01	  1.7493E+01	  2.2010E+01	  2.4745E+01	  2.8487E+01	  3.9686E+01	  3.9898E+01	  4.1785E+01	  4.6655E+01	  5.1695E+01	  5.6508E+01	  6.0818E+01	  6.2995E+01	  6.5272E+01	  5.7672E+01	  6.4107E+01	  6.6031E+01	  7.9019E+01	  7.1572E+01	  7.3004E+01	  7.2943E+01	  7.2039E+01	  5.9366E+01	  6.2966E+01	  5.0257E+01	  4.5689E+01	  4.8589E+01	  4.2475E+01	  3.9119E+01	  3.1180E+01	  2.3248E+01	  2.2386E+01	  2.1375E+01	  1.9512E+01	  1.4947E+01	  9.3675E+00	  6.5173E+00	  3.6198E+00	  2.2898E+00	  7.6610E-01	  0.0000E+00	  0.0000E+00	  0.0000E+00	  0.0000E+00	  0.0000E+00	  0.0000E+00	  0.0000E+00	  0.0000E+00	  0.0000E+00	  0.0000E+00	  0.0000E+00	  0.0000E+00	  0.0000E+00	  0.0000E+00
  0.0000E+00	  0.0000E+00	  0.0000E+00	  0.0000E+00	  0.0000E+00	  0.0000E+00	  0.0000E+00	  0.0000E+00	  0.0000E+00	  0.0000E+00	  0.0000E+00	  0.0000E+00	  0.0000E+00	  0.0000E+00	  0.0000E+00	  0.0000E+00	  0.0000E+00	  0.0000E+00	  0.0000E+00	  0.0000E+00	  0.0000E+00	  0.0000E+00	  3.6330E-02	  1.3937E+00	  4.2405E+00	  6.6495E+00	  1.0315E+01	  1.6819E+01	  2.0736E+01	  2.3028E+01	  3.0622E+01	  3.5935E+01	  3.8478E+01	  4.2100E+01	  3.5082E+01	  4.7920E+01	  5.1349E+01	  5.7722E+01	  5.3692E+01	  6.2754E+01	  5.7962E+01	  6.1424E+01	  6.6534E+01	  7.5147E+01	  6.0915E+01	  6.6594E+01	  5.9837E+01	  6.2126E+01	  5.7405E+01	  5.4326E+01	  4.1748E+01	  4.3943E+01	  3.9683E+01	  3.1717E+01	  3.4306E+01	  2.9177E+01	  2.0909E+01	  2.1720E+01	  1.5054E+01	  1.1122E+01	  1.0954E+01	  8.0996E+00	  5.5129E+00	  1.3050E+00	  1.1430E+00	  3.3196E-01	  0.0000E+00	  0.0000E+00	  0.0000E+00	  0.0000E+00	  0.0000E+00	  0.0000E+00	  0.0000E+00	  0.0000E+00	  0.0000E+00	  0.0000E+00	  0.0000E+00	  0.0000E+00	  0.0000E+00	  0.0000E+00
  0.0000E+00	  0.0000E+00	  0.0000E+00	  0.0000E+00	  0.0000E+00	  0.0000E+00	  0.0000E+00	  0.0000E+00	  0.0000E+00	  0.0000E+00	  0.0000E+00	  0.0000E+00	  0.0000E+00	  0.0000E+00	  0.0000E+00	  0.0000E+00	  0.0000E+00	  0.0000E+00	  0.0000E+00	  0.0000E+00	  0.0000E+00	  0.0000E+00	  7.5179E-03	  4.9564E-01	  3.0785E+00	  4.9210E+00	  8.6536E+00	  1.3710E+01	  1.6389E+01	  2.5090E+01	  3.1516E+01	  3.4084E+01	  3.3685E+01	  4.0505E+01	  4.1037E+01	  4.6332E+01	  4.5648E+01	  4.3087E+01	  4.7145E+01	  5.3533E+01	  5.7949E+01	  5.4446E+01	  6.4125E+01	  6.7464E+01	  5.8061E+01	  5.4676E+01	  5.6333E+01	  5.4031E+01	  4.6204E+01	  4.1652E+01	  4.3962E+01	  3.5612E+01	  2.8425E+01	  2.4709E+01	  2.2502E+01	  2.2992E+01	  1.8354E+01	  1.6059E+01	  1.3423E+01	  9.5453E+00	  6.0069E+00	  5.3662E+00	  3.8806E+00	  7.5381E-01	  1.8006E-01	  0.0000E+00	  0.0000E+00	  0.0000E+00	  0.0000E+00	  0.0000E+00	  0.0000E+00	  0.0000E+00	  0.0000E+00	  0.0000E+00	  0.0000E+00	  0.0000E+00	  0.0000E+00	  0.0000E+00	  0.0000E+00	  0.0000E+00
  0.0000E+00	  0.0000E+00	  0.0000E+00	  0.0000E+00	  0.0000E+00	  0.0000E+00	  0.0000E+00	  0.0000E+00	  0.0000E+00	  0.0000E+00	  0.0000E+00	  0.0000E+00	  0.0000E+00	  0.0000E+00	  0.0000E+00	  0.0000E+00	  0.0000E+00	  0.0000E+00	  0.0000E+00	  0.0000E+00	  0.0000E+00	  0.0000E+00	  0.0000E+00	  3.8484E-01	  2.1468E+00	  5.4729E+00	  1.0203E+01	  1.4682E+01	  2.1051E+01	  2.5422E+01	  2.9344E+01	  3.1806E+01	  3.5154E+01	  3.3649E+01	  3.4228E+01	  4.0112E+01	  4.4236E+01	  4.2791E+01	  4.1941E+01	  4.0725E+01	  4.9985E+01	  4.7078E+01	  4.6312E+01	  4.8333E+01	  4.8542E+01	  4.9763E+01	  4.5712E+01	  4.3101E+01	  3.9358E+01	  3.5600E+01	  3.0820E+01	  2.8260E+01	  2.2372E+01	  2.2164E+01	  1.9537E+01	  1.6512E+01	  1.7958E+01	  1.2000E+01	  8.3851E+00	  5.9453E+00	  5.2385E+00	  3.2421E+00	  1.1349E+00	  1.2369E-01	  0.0000E+00	  0.0000E+00	  0.0000E+00	  0.0000E+00	  0.0000E+00	  0.0000E+00	  0.0000E+00	  0.0000E+00	  0.0000E+00	  0.0000E+00	  0.0000E+00	  0.0000E+00	  0.0000E+00	  0.0000E+00	  0.0000E+00	  0.0000E+00
  0.0000E+00	  0.0000E+00	  0.0000E+00	  0.0000E+00	  0.0000E+00	  0.0000E+00	  0.0000E+00	  0.0000E+00	  0.0000E+00	  0.0000E+00	  0.0000E+00	  0.0000E+00	  0.0000E+00	  0.0000E+00	  0.0000E+00	  0.0000E+00	  0.0000E+00	  0.0000E+00	  0.0000E+00	  0.0000E+00	  0.0000E+00	  0.0000E+00	  0.0000E+00	  2.5945E-01	  1.9963E+00	  4.5930E+00	  6.6657E+00	  1.3988E+01	  1.6729E+01	  1.6669E+01	  2.2487E+01	  2.5297E+01	  2.6985E+01	  2.8058E+01	  2.5495E+01	  3.0822E+01	  3.5909E+01	  3.7840E+01	  3.4659E+01	  3.3834E+01	  4.5383E+01	  4.6039E+01	  4.5302E+01	  4.8131E+01	  3.7415E+01	  3.7575E+01	  4.0145E+01	  3.7951E+01	  2.9566E+01	  3.2044E+01	  2.5822E+01	  2.5821E+01	  2.0902E+01	  2.1104E+01	  1.5615E+01	  1.1368E+01	  1.2034E+01	  8.5069E+00	  7.2537E+00	  5.9214E+00	  4.6933E+00	  6.4521E-01	  2.0529E-02	  0.0000E+00	  0.0000E+00	  0.0000E+00	  0.0000E+00	  0.0000E+00	  0.0000E+00	  0.0000E+00	  0.0000E+00	  0.0000E+00	  0.0000E+00	  0.0000E+00	  0.0000E+00	  0.0000E+00	  0.0000E+00	  0.0000E+00	  0.0000E+00	  0.0000E+00
  0.0000E+00	  0.0000E+00	  0.0000E+00	  0.0000E+00	  0.0000E+00	  0.0000E+00	  0.0000E+00	  0.0000E+00	  0.0000E+00	  0.0000E+00	  0.0000E+00	  0.0000E+00	  0.0000E+00	  0.0000E+00	  0.0000E+00	  0.0000E+00	  0.0000E+00	  0.0000E+00	  0.0000E+00	  0.0000E+00	  0.0000E+00	  0.0000E+00	  0.0000E+00	  3.3829E-02	  1.0323E+00	  2.7481E+00	  8.3091E+00	  1.1763E+01	  1.5152E+01	  1.3868E+01	  1.6421E+01	  1.9826E+01	  1.7105E+01	  2.1258E+01	  2.4685E+01	  2.2212E+01	  2.7715E+01	  3.1587E+01	  3.3909E+01	  2.9025E+01	  3.3758E+01	  3.5241E+01	  3.6651E+01	  4.0539E+01	  3.5779E+01	  3.2007E+01	  3.6383E+01	  2.7500E+01	  2.3554E+01	  2.3887E+01	  2.2267E+01	  2.3243E+01	  1.8828E+01	  1.3223E+01	  1.0247E+01	  8.5164E+00	  8.5690E+00	  3.8127E+00	  2.2388E+00	  1.4201E+00	  1.2996E+00	  2.9328E-01	  0.0000E+00	  0.0000E+00	  0.0000E+00	  0.0000E+00	  0.0000E+00	  0.0000E+00	  0.0000E+00	  0.0000E+00	  0.0000E+00	  0.0000E+00	  0.0000E+00	  0.0000E+00	  0.0000E+00	  0.0000E+00	  0.0000E+00	  0.0000E+00	  0.0000E+00	  0.0000E+00
  0.0000E+00	  0.0000E+00	  0.0000E+00	  0.0000E+00	  0.0000E+00	  0.0000E+00	  0.0000E+00	  0.0000E+00	  0.0000E+00	  0.0000E+00	  0.0000E+00	  0.0000E+00	  0.0000E+00	  0.0000E+00	  0.0000E+00	  0.0000E+00	  0.0000E+00	  0.0000E+00	  0.0000E+00	  0.0000E+00	  0.0000E+00	  0.0000E+00	  0.0000E+00	  0.0000E+00	  9.3404E-01	  2.3900E+00	  8.0730E+00	  1.0066E+01	  1.3661E+01	  1.1791E+01	  1.2207E+01	  1.2271E+01	  1.4895E+01	  1.4922E+01	  1.8963E+01	  1.8942E+01	  2.0710E+01	  2.4967E+01	  2.3915E+01	  2.4128E+01	  2.4650E+01	  2.8297E+01	  2.6917E+01	  2.6323E+01	  2.5070E+01	  2.6274E+01	  2.0332E+01	  2.0692E+01	  1.8244E+01	  1.6729E+01	  1.5013E+01	  1.6422E+01	  1.4979E+01	  8.1913E+00	  7.3620E+00	  6.6835E+00	  4.4261E+00	  3.8943E+00	  2.8211E+00	  1.3366E+00	  3.2936E-01	  0.0000E+00	  0.0000E+00	  0.0000E+00	  0.0000E+00	  0.0000E+00	  0.0000E+00	  0.0000E+00	  0.0000E+00	  0.0000E+00	  0.0000E+00	  0.0000E+00	  0.0000E+00	  0.0000E+00	  0.0000E+00	  0.0000E+00	  0.0000E+00	  0.0000E+00	  0.0000E+00	  0.0000E+00
  0.0000E+00	  0.0000E+00	  0.0000E+00	  0.0000E+00	  0.0000E+00	  0.0000E+00	  0.0000E+00	  0.0000E+00	  0.0000E+00	  0.0000E+00	  0.0000E+00	  0.0000E+00	  0.0000E+00	  0.0000E+00	  0.0000E+00	  0.0000E+00	  0.0000E+00	  0.0000E+00	  0.0000E+00	  0.0000E+00	  0.0000E+00	  0.0000E+00	  0.0000E+00	  0.0000E+00	  7.7356E-01	  2.3288E+00	  4.8685E+00	  7.9257E+00	  8.6816E+00	  6.4981E+00	  9.8758E+00	  6.8776E+00	  6.9618E+00	  1.2106E+01	  1.4960E+01	  1.3611E+01	  1.2760E+01	  1.3138E+01	  1.4892E+01	  1.7763E+01	  1.8785E+01	  1.6741E+01	  2.2740E+01	  2.1445E+01	  2.2122E+01	  2.0673E+01	  2.0136E+01	  2.0284E+01	  1.3514E+01	  1.5421E+01	  1.2808E+01	  1.1778E+01	  8.4067E+00	  8.4268E+00	  5.6517E+00	  4.7898E+00	  3.3039E+00	  1.9698E+00	  1.6107E+00	  2.1839E-01	  0.0000E+00	  0.0000E+00	  0.0000E+00	  0.0000E+00	  0.0000E+00	  0.0000E+00	  0.0000E+00	  0.0000E+00	  0.0000E+00	  0.0000E+00	  0.0000E+00	  0.0000E+00	  0.0000E+00	  0.0000E+00	  0.0000E+00	  0.0000E+00	  0.0000E+00	  0.0000E+00	  0.0000E+00	  0.0000E+00
  0.0000E+00	  0.0000E+00	  0.0000E+00	  0.0000E+00	  0.0000E+00	  0.0000E+00	  0.0000E+00	  0.0000E+00	  0.0000E+00	  0.0000E+00	  0.0000E+00	  0.0000E+00	  0.0000E+00	  0.0000E+00	  0.0000E+00	  0.0000E+00	  0.0000E+00	  0.0000E+00	  0.0000E+00	  0.0000E+00	  0.0000E+00	  0.0000E+00	  0.0000E+00	  0.0000E+00	  3.1345E-01	  1.3176E+00	  2.5130E+00	  3.3634E+00	  3.1502E+00	  3.8372E+00	  5.0916E+00	  5.7201E+00	  4.4409E+00	  7.8461E+00	  7.9656E+00	  9.6882E+00	  9.7447E+00	  8.8814E+00	  1.1189E+01	  1.2633E+01	  1.2274E+01	  1.7038E+01	  1.7328E+01	  1.8221E+01	  1.5681E+01	  1.3326E+01	  1.0455E+01	  1.0851E+01	  1.0907E+01	  1.1269E+01	  9.3471E+00	  8.9364E+00	  4.6927E+00	  5.8784E+00	  4.9789E+00	  3.8914E+00	  1.5229E+00	  8.6036E-01	  2.1038E-01	  2.7948E-03	  0.0000E+00	  0.0000E+00	  0.0000E+00	  0.0000E+00	  0.0000E+00	  0.0000E+00	  0.0000E+00	  0.0000E+00	  0.0000E+00	  0.0000E+00	  0.0000E+00	  0.0000E+00	  0.0000E+00	  0.0000E+00	  0.0000E+00	  0.0000E+00	  0.0000E+00	  0.0000E+00	  0.0000E+00	  0.0000E+00
  0.0000E+00	  0.0000E+00	  0.0000E+00	  0.0000E+00	  0.0000E+00	  0.0000E+00	  0.0000E+00	  0.0000E+00	  0.0000E+00	  0.0000E+00	  0.0000E+00	  0.0000E+00	  0.0000E+00	  0.0000E+00	  0.0000E+00	  0.0000E+00	  0.0000E+00	  0.0000E+00	  0.0000E+00	  0.0000E+00	  0.0000E+00	  0.0000E+00	  0.0000E+00	  0.0000E+00	  0.0000E+00	  3.8747E-02	  2.3633E-01	  4.9036E-01	  7.3267E-01	  1.7750E+00	  1.7937E+00	  2.9240E+00	  1.4763E+00	  3.7841E+00	  3.4422E+00	  5.2684E+00	  6.7938E+00	  7.3698E+00	  9.8629E+00	  9.4647E+00	  8.7730E+00	  1.1164E+01	  1.4147E+01	  1.2534E+01	  7.7784E+00	  7.1817E+00	  6.2937E+00	  6.5295E+00	  7.4420E+00	  8.6052E+00	  5.8715E+00	  5.0952E+00	  3.5364E+00	  3.2179E+00	  2.1319E+00	  2.5629E+00	  8.5608E-01	  0.0000E+00	  0.0000E+00	  0.0000E+00	  0.0000E+00	  0.0000E+00	  0.0000E+00	  0.0000E+00	  0.0000E+00	  0.0000E+00	  0.0000E+00	  0.0000E+00	  0.0000E+00	  0.0000E+00	  0.0000E+00	  0.0000E+00	  0.0000E+00	  0.0000E+00	  0.0000E+00	  0.0000E+00	  0.0000E+00	  0.0000E+00	  0.0000E+00	  0.0000E+00
  0.0000E+00	  0.0000E+00	  0.0000E+00	  0.0000E+00	  0.0000E+00	  0.0000E+00	  0.0000E+00	  0.0000E+00	  0.0000E+00	  0.0000E+00	  0.0000E+00	  0.0000E+00	  0.0000E+00	  0.0000E+00	  0.0000E+00	  0.0000E+00	  0.0000E+00	  0.0000E+00	  0.0000E+00	  0.0000E+00	  0.0000E+00	  0.0000E+00	  0.0000E+00	  0.0000E+00	  0.0000E+00	  0.0000E+00	  0.0000E+00	  0.0000E+00	  9.8076E-02	  4.6579E-01	  4.8106E-01	  1.6031E-01	  7.4035E-01	  1.6558E+00	  3.1621E+00	  4.6261E+00	  4.6806E+00	  5.1301E+00	  6.3348E+00	  7.6695E+00	  5.3802E+00	  7.4765E+00	  5.8170E+00	  6.8501E+00	  6.0651E+00	  4.4102E+00	  3.4737E+00	  2.3498E+00	  3.1152E+00	  3.1219E+00	  2.1830E+00	  8.6287E-01	  5.6013E-01	  9.2564E-01	  6.3497E-01	  1.9812E-01	  1.9705E-01	  0.0000E+00	  0.0000E+00	  0.0000E+00	  0.0000E+00	  0.0000E+00	  0.0000E+00	  0.0000E+00	  0.0000E+00	  0.0000E+00	  0.0000E+00	  0.0000E+00	  0.0000E+00	  0.0000E+00	  0.0000E+00	  0.0000E+00	  0.0000E+00	  0.0000E+00	  0.0000E+00	  0.0000E+00	  0.0000E+00	  0.0000E+00	  0.0000E+00	  0.0000E+00
  0.0000E+00	  0.0000E+00	  0.0000E+00	  0.0000E+00	  0.0000E+00	  0.0000E+00	  0.0000E+00	  0.0000E+00	  0.0000E+00	  0.0000E+00	  0.0000E+00	  0.0000E+00	  0.0000E+00	  0.0000E+00	  0.0000E+00	  0.0000E+00	  0.0000E+00	  0.0000E+00	  0.0000E+00	  0.0000E+00	  0.0000E+00	  0.0000E+00	  0.0000E+00	  0.0000E+00	  0.0000E+00	  0.0000E+00	  0.0000E+00	  0.0000E+00	  0.0000E+00	  1.2705E-01	  4.9225E-01	  1.0974E-01	  5.6286E-01	  1.0009E+00	  2.0066E+00	  3.5118E+00	  3.6839E+00	  1.9687E+00	  2.4673E+00	  3.7305E+00	  4.9658E+00	  2.8104E+00	  3.7127E+00	  2.6355E+00	  1.9626E+00	  1.9886E+00	  2.6957E+00	  1.2995E+00	  1.0550E+00	  9.3159E-01	  8.0455E-01	  1.4774E-01	  5.1348E-02	  5.3524E-02	  8.8433E-02	  0.0000E+00	  0.0000E+00	  0.0000E+00	  0.0000E+00	  0.0000E+00	  0.0000E+00	  0.0000E+00	  0.0000E+00	  0.0000E+00	  0.0000E+00	  0.0000E+00	  0.0000E+00	  0.0000E+00	  0.0000E+00	  0.0000E+00	  0.0000E+00	  0.0000E+00	  0.0000E+00	  0.0000E+00	  0.0000E+00	  0.0000E+00	  0.0000E+00	  0.0000E+00	  0.0000E+00	  0.0000E+00
  0.0000E+00	  0.0000E+00	  0.0000E+00	  0.0000E+00	  0.0000E+00	  0.0000E+00	  0.0000E+00	  0.0000E+00	  0.0000E+00	  0.0000E+00	  0.0000E+00	  0.0000E+00	  0.0000E+00	  0.0000E+00	  0.0000E+00	  0.0000E+00	  0.0000E+00	  0.0000E+00	  0.0000E+00	  0.0000E+00	  0.0000E+00	  0.0000E+00	  0.0000E+00	  0.0000E+00	  0.0000E+00	  0.0000E+00	  0.0000E+00	  0.0000E+00	  0.0000E+00	  0.0000E+00	  0.0000E+00	  2.3315E-01	  3.0097E-01	  4.8918E-01	  9.5548E-01	  5.8324E-01	  1.7373E+00	  1.1913E+00	  3.6212E-01	  3.0390E-01	  5.4734E-01	  6.0146E-01	  1.0104E+00	  1.4980E-01	  1.8177E-01	  2.4875E-01	  5.5351E-02	  6.4411E-03	  4.2471E-03	  0.0000E+00	  0.0000E+00	  0.0000E+00	  0.0000E+00	  0.0000E+00	  0.0000E+00	  0.0000E+00	  0.0000E+00	  0.0000E+00	  0.0000E+00	  0.0000E+00	  0.0000E+00	  0.0000E+00	  0.0000E+00	  0.0000E+00	  0.0000E+00	  0.0000E+00	  0.0000E+00	  0.0000E+00	  0.0000E+00	  0.0000E+00	  0.0000E+00	  0.0000E+00	  0.0000E+00	  0.0000E+00	  0.0000E+00	  0.0000E+00	  0.0000E+00	  0.0000E+00	  0.0000E+00	  0.0000E+00
  0.0000E+00	  0.0000E+00	  0.0000E+00	  0.0000E+00	  0.0000E+00	  0.0000E+00	  0.0000E+00	  0.0000E+00	  0.0000E+00	  0.0000E+00	  0.0000E+00	  0.0000E+00	  0.0000E+00	  0.0000E+00	  0.0000E+00	  0.0000E+00	  0.0000E+00	  0.0000E+00	  0.0000E+00	  0.0000E+00	  0.0000E+00	  0.0000E+00	  0.0000E+00	  0.0000E+00	  0.0000E+00	  0.0000E+00	  0.0000E+00	  0.0000E+00	  0.0000E+00	  0.0000E+00	  0.0000E+00	  0.0000E+00	  0.0000E+00	  0.0000E+00	  0.0000E+00	  0.0000E+00	  3.3980E-04	  5.0982E-02	  0.0000E+00	  0.0000E+00	  0.0000E+00	  0.0000E+00	  0.0000E+00	  0.0000E+00	  0.0000E+00	  0.0000E+00	  0.0000E+00	  0.0000E+00	  0.0000E+00	  0.0000E+00	  0.0000E+00	  0.0000E+00	  0.0000E+00	  0.0000E+00	  0.0000E+00	  0.0000E+00	  0.0000E+00	  0.0000E+00	  0.0000E+00	  0.0000E+00	  0.0000E+00	  0.0000E+00	  0.0000E+00	  0.0000E+00	  0.0000E+00	  0.0000E+00	  0.0000E+00	  0.0000E+00	  0.0000E+00	  0.0000E+00	  0.0000E+00	  0.0000E+00	  0.0000E+00	  0.0000E+00	  0.0000E+00	  0.0000E+00	  0.0000E+00	  0.0000E+00	  0.0000E+00	  0.0000E+00
  0.0000E+00	  0.0000E+00	  0.0000E+00	  0.0000E+00	  0.0000E+00	  0.0000E+00	  0.0000E+00	  0.0000E+00	  0.0000E+00	  0.0000E+00	  0.0000E+00	  0.0000E+00	  0.0000E+00	  0.0000E+00	  0.0000E+00	  0.0000E+00	  0.0000E+00	  0.0000E+00	  0.0000E+00	  0.0000E+00	  0.0000E+00	  0.0000E+00	  0.0000E+00	  0.0000E+00	  0.0000E+00	  0.0000E+00	  0.0000E+00	  0.0000E+00	  0.0000E+00	  0.0000E+00	  0.0000E+00	  0.0000E+00	  0.0000E+00	  0.0000E+00	  0.0000E+00	  0.0000E+00	  0.0000E+00	  0.0000E+00	  0.0000E+00	  0.0000E+00	  0.0000E+00	  0.0000E+00	  0.0000E+00	  0.0000E+00	  0.0000E+00	  0.0000E+00	  0.0000E+00	  0.0000E+00	  0.0000E+00	  0.0000E+00	  0.0000E+00	  0.0000E+00	  0.0000E+00	  0.0000E+00	  0.0000E+00	  0.0000E+00	  0.0000E+00	  0.0000E+00	  0.0000E+00	  0.0000E+00	  0.0000E+00	  0.0000E+00	  0.0000E+00	  0.0000E+00	  0.0000E+00	  0.0000E+00	  0.0000E+00	  0.0000E+00	  0.0000E+00	  0.0000E+00	  0.0000E+00	  0.0000E+00	  0.0000E+00	  0.0000E+00	  0.0000E+00	  0.0000E+00	  0.0000E+00	  0.0000E+00	  0.0000E+00	  0.0000E+00
  0.0000E+00	  0.0000E+00	  0.0000E+00	  0.0000E+00	  0.0000E+00	  0.0000E+00	  0.0000E+00	  0.0000E+00	  0.0000E+00	  0.0000E+00	  0.0000E+00	  0.0000E+00	  0.0000E+00	  0.0000E+00	  0.0000E+00	  0.0000E+00	  0.0000E+00	  0.0000E+00	  0.0000E+00	  0.0000E+00	  0.0000E+00	  0.0000E+00	  0.0000E+00	  0.0000E+00	  0.0000E+00	  0.0000E+00	  0.0000E+00	  0.0000E+00	  0.0000E+00	  0.0000E+00	  0.0000E+00	  0.0000E+00	  0.0000E+00	  0.0000E+00	  0.0000E+00	  0.0000E+00	  0.0000E+00	  0.0000E+00	  0.0000E+00	  0.0000E+00	  0.0000E+00	  0.0000E+00	  0.0000E+00	  0.0000E+00	  0.0000E+00	  0.0000E+00	  0.0000E+00	  0.0000E+00	  0.0000E+00	  0.0000E+00	  0.0000E+00	  0.0000E+00	  0.0000E+00	  0.0000E+00	  0.0000E+00	  0.0000E+00	  0.0000E+00	  0.0000E+00	  0.0000E+00	  0.0000E+00	  0.0000E+00	  0.0000E+00	  0.0000E+00	  0.0000E+00	  0.0000E+00	  0.0000E+00	  0.0000E+00	  0.0000E+00	  0.0000E+00	  0.0000E+00	  0.0000E+00	  0.0000E+00	  0.0000E+00	  0.0000E+00	  0.0000E+00	  0.0000E+00	  0.0000E+00	  0.0000E+00	  0.0000E+00	  0.0000E+00
  0.0000E+00	  0.0000E+00	  0.0000E+00	  0.0000E+00	  0.0000E+00	  0.0000E+00	  0.0000E+00	  0.0000E+00	  0.0000E+00	  0.0000E+00	  0.0000E+00	  0.0000E+00	  0.0000E+00	  0.0000E+00	  0.0000E+00	  0.0000E+00	  0.0000E+00	  0.0000E+00	  0.0000E+00	  0.0000E+00	  0.0000E+00	  0.0000E+00	  0.0000E+00	  0.0000E+00	  0.0000E+00	  0.0000E+00	  0.0000E+00	  0.0000E+00	  0.0000E+00	  0.0000E+00	  0.0000E+00	  0.0000E+00	  0.0000E+00	  0.0000E+00	  0.0000E+00	  0.0000E+00	  0.0000E+00	  0.0000E+00	  0.0000E+00	  0.0000E+00	  0.0000E+00	  0.0000E+00	  0.0000E+00	  0.0000E+00	  0.0000E+00	  0.0000E+00	  0.0000E+00	  0.0000E+00	  0.0000E+00	  0.0000E+00	  0.0000E+00	  0.0000E+00	  0.0000E+00	  0.0000E+00	  0.0000E+00	  0.0000E+00	  0.0000E+00	  0.0000E+00	  0.0000E+00	  0.0000E+00	  0.0000E+00	  0.0000E+00	  0.0000E+00	  0.0000E+00	  0.0000E+00	  0.0000E+00	  0.0000E+00	  0.0000E+00	  0.0000E+00	  0.0000E+00	  0.0000E+00	  0.0000E+00	  0.0000E+00	  0.0000E+00	  0.0000E+00	  0.0000E+00	  0.0000E+00	  0.0000E+00	  0.0000E+00	  0.0000E+00
