Executing C:\Users\Denis\Documents\Zemax\MACROS\VROOMM_IMA.ZPL.
  67.00000    0.92348   28.51388   16.22982
  67.00000    0.92006   11.28370   17.87702
  67.00000    0.91663   -3.24796   18.29607
  67.00000    0.91321  -16.09883   17.92619
  67.00000    0.90979  -27.79366   16.98918
  89.00000    0.69391   19.27878   10.88472
  89.00000    0.69197    7.31383   11.69977
  89.00000    0.69003   -3.34251   11.89614
  89.00000    0.68810  -13.06413   11.64005
  89.00000    0.68616  -22.08176   11.03223
 111.00000    0.55576   14.16833    3.37855
 111.00000    0.55451    5.00506    3.83779
 111.00000    0.55326   -3.38712    3.91761
 111.00000    0.55202  -11.18578    3.69972
 111.00000    0.55077  -18.51222    3.23887
 133.00000    0.46348   10.90540   -6.70568
 133.00000    0.46261    3.49309   -6.44625
 133.00000    0.46174   -3.41217   -6.44851
 133.00000    0.46088   -9.90831   -6.66555
 133.00000    0.46001  -16.06683   -7.06384
 155.00000    0.39748    8.64305  -20.35754
 155.00000    0.39684    2.42793  -20.24148
 155.00000    0.39620   -3.42963  -20.32193
 155.00000    0.39557   -8.98906  -20.56901
 155.00000    0.39493  -14.29582  -20.96023
